# magob009.txt
# Run time: 15 min, 00 sec
###
0.005	799.35
0.174	816.34
0.310	817.57
0.449	825.45
0.585	826.68
0.720	842.44
0.855	843.67
0.990	851.55
1.125	859.43
1.294	864.60
1.430	872.48
1.565	877.65
1.700	889.48
1.835	890.70
1.970	902.53
2.105	899.82
2.240	911.64
2.409	924.69
2.549	929.86
2.685	945.62
2.820	946.85
2.955	958.67
3.090	959.90
3.225	971.72
3.360	979.61
3.529	988.72
3.665	993.89
3.800	1005.71
3.935	1010.88
4.071	1022.70
4.207	1027.87
4.343	1035.75
4.479	1036.98
4.655	1048.80
4.791	1053.97
4.927	1061.85
5.063	1069.74
5.199	1070.96
5.335	1078.85
5.471	1084.02
5.607	1095.84
5.776	1101.01
5.912	1112.83
6.048	1114.06
6.184	1125.88
6.320	1133.77
6.456	1138.93
6.592	1146.82
6.733	1148.04
6.903	1159.87
7.039	1161.09
7.175	1168.98
7.311	1172.92
7.447	1180.81
7.583	1182.03
7.719	1185.97
7.855	1189.91
8.025	1191.14
8.161	1199.02
8.297	1202.96
8.433	1206.91
8.569	1214.79
8.705	1212.07
8.846	1219.96
8.982	1219.96
9.152	1227.84
9.288	1225.12
9.426	1233.01
9.561	1236.95
9.697	1240.89
9.833	1244.84
9.969	1242.11
10.105	1246.06
10.275	1250.00
10.411	1253.94
10.547	1257.89
10.683	1255.17
10.819	1255.17
10.960	1259.11
11.096	1263.05
11.232	1270.94
11.402	1274.88
11.538	1274.88
11.674	1272.16
11.810	1276.10
11.946	1276.10
12.082	1280.04
12.218	1283.99
12.354	1283.99
12.524	1287.93
12.660	1291.88
12.796	1285.21
12.932	1289.15
13.073	1293.09
13.209	1293.09
13.345	1297.04
13.481	1297.04
13.651	1300.98
13.787	1304.93
13.923	1308.87
14.061	1302.20
14.197	1302.20
14.333	1306.14
14.469	1306.14
14.605	1306.14
14.775	1310.09
14.911	1310.09
15.047	1310.09
15.188	1310.09
15.324	1314.03
15.460	1314.03
15.596	1314.03
15.732	1317.98
15.902	1317.98
16.038	1317.98
16.174	1317.98
16.310	1321.92
16.446	1321.92
16.582	1321.92
16.718	1319.19
16.854	1319.19
17.024	1319.19
17.160	1323.14
17.301	1323.14
17.437	1323.14
17.573	1327.08
17.709	1327.08
17.845	1327.08
17.981	1327.08
18.151	1327.08
18.287	1331.02
18.423	1331.02
18.561	1331.02
18.697	1331.02
18.833	1331.02
18.969	1331.02
19.105	1331.02
19.275	1334.97
19.416	1334.97
19.552	1334.97
19.688	1334.97
19.824	1338.91
19.960	1338.91
20.096	1338.91
20.232	1338.91
20.402	1332.24
20.538	1332.24
20.674	1332.24
20.810	1336.19
20.946	1336.19
21.082	1336.19
21.218	1336.19
21.354	1336.19
21.529	1336.19
21.665	1336.19
21.801	1340.13
21.937	1340.13
22.073	1340.13
22.209	1340.13
22.345	1340.13
22.481	1340.13
22.651	1344.07
22.787	1344.07
22.923	1344.07
23.061	1344.07
23.197	1344.07
23.333	1344.07
23.469	1344.07
23.610	1344.07
23.780	1344.07
23.916	1344.07
24.052	1348.02
24.188	1348.02
24.324	1348.02
24.460	1348.02
24.596	1348.02
24.732	1348.02
24.902	1351.96
25.038	1348.02
25.174	1348.02
25.310	1348.02
25.446	1348.02
25.582	1348.02
25.723	1351.96
25.859	1351.96
26.029	1351.96
26.165	1351.96
26.301	1351.96
26.437	1351.96
26.573	1351.96
26.709	1351.96
26.845	1351.96
26.981	1351.96
27.151	1351.96
27.287	1351.96
27.423	1351.96
27.561	1351.96
27.697	1351.96
27.838	1351.96
27.974	1355.91
28.110	1355.91
28.280	1355.91
28.416	1355.91
28.552	1355.91
28.688	1355.91
28.824	1355.91
28.960	1355.91
29.096	1355.91
29.232	1355.91
29.402	1355.91
29.538	1355.91
29.674	1355.91
29.810	1355.91
29.951	1355.91
30.087	1355.91
30.223	1349.24
30.359	1349.24
30.529	1349.24
30.665	1349.24
30.801	1349.24
30.937	1349.24
31.073	1349.24
31.209	1349.24
31.345	1355.91
31.481	1355.91
31.651	1349.24
31.787	1349.24
31.923	1349.24
32.066	1349.24
32.202	1349.24
32.338	1353.18
32.474	1349.24
32.610	1353.18
32.780	1349.24
32.916	1349.24
33.052	1349.24
33.188	1349.24
33.324	1349.24
33.460	1353.18
33.596	1353.18
33.732	1353.18
33.902	1353.18
34.038	1353.18
34.179	1353.18
34.315	1353.18
34.451	1353.18
34.587	1353.18
34.723	1353.18
34.859	1353.18
35.029	1353.18
35.165	1353.18
35.301	1353.18
35.437	1353.18
35.573	1353.18
35.709	1353.18
35.845	1353.18
35.981	1353.18
36.151	1353.18
36.292	1353.18
36.428	1353.18
36.566	1353.18
36.702	1353.18
36.838	1353.18
36.974	1353.18
37.110	1357.12
37.280	1353.18
37.416	1357.12
37.552	1357.12
37.688	1357.12
37.824	1357.12
37.960	1357.12
38.096	1357.12
38.232	1357.12
38.407	1357.12
38.543	1357.12
38.679	1357.12
38.815	1357.12
38.951	1357.12
39.087	1357.12
39.223	1357.12
39.359	1357.12
39.529	1357.12
39.665	1357.12
39.801	1357.12
39.937	1357.12
40.073	1357.12
40.209	1357.12
40.345	1357.12
40.486	1357.12
40.656	1357.12
40.792	1357.12
40.928	1357.12
41.066	1357.12
41.202	1357.12
41.338	1357.12
41.474	1357.12
41.610	1357.12
41.780	1357.12
41.916	1357.12
42.052	1357.12
42.188	1357.12
42.324	1357.12
42.460	1357.12
42.601	1357.12
42.737	1357.12
42.906	1357.12
43.042	1357.12
43.178	1357.12
43.314	1357.12
43.450	1357.12
43.586	1357.12
43.722	1357.12
43.858	1357.12
44.027	1357.12
44.163	1357.12
44.299	1357.12
44.435	1361.07
44.571	1357.12
44.712	1357.12
44.848	1357.12
44.984	1357.12
45.153	1357.12
45.289	1357.12
45.425	1357.12
45.563	1357.12
45.699	1357.12
45.835	1357.12
45.971	1357.12
46.107	1357.12
46.276	1357.12
46.412	1357.12
46.548	1357.12
46.684	1357.12
46.825	1357.12
46.961	1357.12
47.097	1357.12
47.233	1357.12
47.402	1357.12
47.538	1357.12
47.674	1357.12
47.810	1357.12
47.946	1357.12
48.082	1357.12
48.218	1357.12
48.354	1357.12
48.523	1357.12
48.659	1357.12
48.795	1357.12
48.936	1357.12
49.072	1357.12
49.208	1357.12
49.344	1357.12
49.480	1357.12
49.649	1357.12
49.785	1357.12
49.921	1361.07
50.059	1357.12
50.195	1357.12
50.331	1357.12
50.467	1357.12
50.603	1357.12
50.773	1357.12
50.909	1357.12
51.050	1357.12
51.186	1357.12
51.322	1357.12
51.458	1357.12
51.594	1357.12
51.730	1357.12
51.900	1357.12
52.036	1357.12
52.172	1357.12
52.308	1357.12
52.444	1357.12
52.580	1357.12
52.716	1357.12
52.852	1357.12
53.022	1357.12
53.163	1357.12
53.299	1357.12
53.435	1357.12
53.571	1357.12
53.707	1357.12
53.843	1357.12
53.979	1357.12
54.149	1357.12
54.285	1357.12
54.421	1357.12
54.559	1357.12
54.695	1357.12
54.831	1357.12
54.967	1361.07
55.103	1361.07
55.278	1361.07
55.414	1361.07
55.550	1361.07
55.686	1361.07
55.822	1361.07
55.958	1361.07
56.094	1361.07
56.230	1361.07
56.400	1361.07
56.536	1361.07
56.672	1361.07
56.808	1361.07
56.944	1361.07
57.080	1361.07
57.216	1361.07
57.357	1361.07
57.527	1361.07
57.663	1361.07
57.799	1361.07
57.935	1361.07
58.071	1361.07
58.207	1361.07
58.343	1361.07
58.479	1361.07
58.649	1361.07
58.785	1361.07
58.921	1361.07
59.059	1361.07
59.195	1361.07
59.331	1361.07
59.472	1361.07
59.608	1361.07
59.778	1361.07
59.914	1361.07
60.050	1361.07
60.186	1361.07
60.322	1361.07
60.458	1361.07
60.594	1361.07
60.730	1361.07
60.899	1361.07
61.035	1361.07
61.171	1361.07
61.307	1361.07
61.443	1361.07
61.584	1361.07
61.720	1361.07
61.856	1361.07
62.025	1361.07
62.161	1361.07
62.297	1361.07
62.433	1361.07
62.569	1361.07
62.705	1361.07
62.841	1361.07
62.977	1361.07
63.146	1361.07
63.282	1361.07
63.418	1361.07
63.556	1361.07
63.697	1361.07
63.833	1361.07
63.969	1361.07
64.105	1361.07
64.274	1361.07
64.410	1361.07
64.546	1361.07
64.682	1361.07
64.818	1361.07
64.954	1361.07
65.090	1361.07
65.226	1361.07
65.395	1361.07
65.531	1361.07
65.667	1361.07
65.808	1361.07
65.944	1361.07
66.080	1361.07
66.216	1361.07
66.352	1361.07
66.521	1361.07
66.657	1361.07
66.793	1361.07
66.929	1361.07
67.065	1361.07
67.201	1361.07
67.337	1361.07
67.473	1361.07
67.642	1361.07
67.778	1361.07
67.919	1361.07
68.057	1361.07
68.193	1361.07
68.329	1361.07
68.465	1361.07
68.601	1361.07
68.770	1361.07
68.906	1361.07
69.042	1361.07
69.178	1361.07
69.314	1361.07
69.450	1361.07
69.586	1361.07
69.722	1361.07
69.891	1361.07
70.032	1361.07
70.168	1361.07
70.304	1361.07
70.440	1361.07
70.576	1361.07
70.712	1361.07
70.848	1361.07
71.017	1361.07
71.153	1361.07
71.289	1361.07
71.425	1361.07
71.561	1361.07
71.697	1361.07
71.833	1361.07
71.969	1361.07
72.142	1361.07
72.278	1361.07
72.414	1361.07
72.552	1361.07
72.688	1361.07
72.824	1361.07
72.960	1361.07
73.096	1361.07
73.265	1361.07
73.401	1361.07
73.537	1361.07
73.673	1361.07
73.809	1361.07
73.945	1361.07
74.081	1361.07
74.222	1361.07
74.391	1361.07
74.527	1361.07
74.663	1361.07
74.799	1361.07
74.935	1361.07
75.071	1361.07
75.207	1361.07
75.343	1361.07
75.512	1361.07
75.648	1361.07
75.784	1361.07
75.920	1361.07
76.056	1361.07
76.192	1361.07
76.333	1361.07
76.469	1361.07
76.638	1361.07
76.774	1361.07
76.910	1361.07
77.048	1361.07
77.184	1361.07
77.320	1361.07
77.456	1361.07
77.592	1361.07
77.761	1361.07
77.897	1361.07
78.033	1361.07
78.169	1361.07
78.305	1361.07
78.446	1361.07
78.582	1361.07
78.718	1361.07
78.887	1361.07
79.023	1361.07
79.159	1361.07
79.295	1361.07
79.431	1361.07
79.567	1361.07
79.703	1361.07
79.839	1361.07
80.008	1361.07
80.144	1361.07
80.280	1361.07
80.416	1361.07
80.557	1361.07
80.693	1361.07
80.829	1361.07
80.965	1361.07
81.134	1361.07
81.270	1361.07
81.406	1361.07
81.544	1361.07
81.680	1361.07
81.816	1361.07
81.952	1361.07
82.088	1361.07
82.257	1361.07
82.393	1361.07
82.529	1361.07
82.670	1361.07
82.806	1361.07
82.942	1361.07
83.078	1361.07
83.214	1361.07
83.383	1361.07
83.519	1361.07
83.655	1361.07
83.791	1361.07
83.927	1361.07
84.063	1361.07
84.199	1361.07
84.335	1361.07
84.504	1361.07
84.640	1361.07
84.781	1361.07
84.917	1361.07
85.053	1361.07
85.189	1361.07
85.325	1361.07
85.461	1361.07
85.630	1361.07
85.766	1361.07
85.902	1361.07
86.040	1361.07
86.176	1361.07
86.312	1361.07
86.448	1361.07
86.584	1361.07
86.753	1361.07
86.894	1361.07
87.030	1361.07
87.166	1361.07
87.302	1361.07
87.438	1361.07
87.574	1361.07
87.710	1361.07
87.879	1361.07
88.015	1361.07
88.151	1361.07
88.287	1361.07
88.423	1361.07
88.559	1361.07
88.695	1361.07
88.831	1361.07
89.005	1361.07
89.141	1361.07
89.277	1361.07
89.413	1361.07
89.549	1361.07
89.685	1361.07
89.821	1361.07
89.957	1361.07
90.126	1361.07
90.262	1361.07
90.398	1361.07
90.536	1361.07
90.672	1361.07
90.808	1361.07
90.944	1361.07
91.085	1361.07
91.254	1361.07
91.390	1361.07
91.526	1361.07
91.662	1361.07
91.798	1361.07
91.934	1361.07
92.070	1361.07
92.206	1365.01
92.376	1361.07
92.512	1361.07
92.648	1361.07
92.784	1361.07
92.920	1361.07
93.056	1361.07
93.197	1361.07
93.333	1361.07
93.503	1361.07
93.639	1361.07
93.775	1361.07
93.911	1361.07
94.047	1361.07
94.183	1361.07
94.319	1361.07
94.455	1361.07
94.625	1361.07
94.761	1361.07
94.897	1361.07
95.035	1361.07
95.171	1361.07
95.312	1361.07
95.448	1361.07
95.584	1361.07
95.754	1361.07
95.890	1361.07
96.026	1361.07
96.162	1361.07
96.298	1361.07
96.434	1361.07
96.570	1361.07
96.706	1361.07
96.876	1361.07
97.012	1361.07
97.148	1361.07
97.284	1361.07
97.425	1361.07
97.561	1361.07
97.697	1361.07
97.833	1361.07
98.002	1361.07
98.138	1361.07
98.274	1361.07
98.410	1361.07
98.546	1361.07
98.682	1361.07
98.818	1361.07
98.954	1361.07
99.123	1361.07
99.259	1361.07
99.395	1361.07
99.538	1361.07
99.674	1361.07
99.810	1361.07
99.946	1361.07
100.082	1361.07
100.251	1361.07
100.388	1361.07
100.525	1361.07
100.662	1361.07
100.799	1361.07
100.936	1361.07
101.073	1361.07
101.210	1361.07
101.379	1361.07
101.516	1361.07
101.657	1361.07
101.794	1361.07
101.931	1361.07
102.068	1361.07
102.205	1361.07
102.342	1361.07
102.511	1361.07
102.648	1361.07
102.785	1361.07
102.922	1361.07
103.059	1361.07
103.196	1361.07
103.333	1361.07
103.470	1361.07
103.639	1361.07
103.782	1361.07
103.919	1361.07
104.056	1361.07
104.193	1361.07
104.330	1361.07
104.467	1361.07
104.604	1361.07
104.773	1361.07
104.910	1361.07
105.047	1361.07
105.184	1361.07
105.321	1361.07
105.458	1361.07
105.595	1361.07
105.732	1361.07
105.906	1361.07
106.043	1361.07
106.180	1361.07
106.317	1361.07
106.454	1361.07
106.591	1361.07
106.728	1361.07
106.865	1361.07
107.034	1361.07
107.171	1361.07
107.308	1361.07
107.445	1361.07
107.582	1361.07
107.719	1361.07
107.856	1361.07
107.999	1361.07
108.168	1361.07
108.305	1361.07
108.442	1361.07
108.579	1361.07
108.716	1361.07
108.853	1361.07
108.990	1361.07
109.127	1361.07
109.296	1361.07
109.433	1361.07
109.570	1361.07
109.707	1361.07
109.844	1365.01
109.981	1361.07
110.122	1361.07
110.259	1361.07
110.428	1361.07
110.565	1361.07
110.702	1361.07
110.839	1361.07
110.976	1361.07
111.113	1361.07
111.250	1361.07
111.387	1361.07
111.556	1361.07
111.693	1361.07
111.830	1361.07
111.967	1361.07
112.104	1361.07
112.247	1361.07
112.384	1361.07
112.521	1361.07
112.690	1361.07
112.827	1361.07
112.964	1361.07
113.101	1361.07
113.238	1361.07
113.375	1361.07
113.512	1361.07
113.649	1361.07
113.818	1361.07
113.955	1361.07
114.092	1361.07
114.229	1361.07
114.370	1361.07
114.507	1361.07
114.644	1361.07
114.781	1361.07
114.950	1361.07
115.087	1361.07
115.224	1361.07
115.361	1361.07
115.498	1365.01
115.635	1361.07
115.772	1361.07
115.909	1361.07
116.078	1361.07
116.215	1361.07
116.352	1361.07
116.495	1361.07
116.632	1361.07
116.769	1365.01
116.906	1361.07
117.043	1361.07
117.212	1361.07
117.349	1361.07
117.486	1361.07
117.623	1361.07
117.760	1361.07
117.897	1361.07
118.034	1361.07
118.171	1361.07
118.340	1361.07
118.477	1361.07
118.618	1361.07
118.755	1361.07
118.892	1361.07
119.029	1361.07
119.166	1361.07
119.303	1361.07
119.472	1361.07
119.609	1361.07
119.746	1361.07
119.883	1361.07
120.020	1361.07
120.157	1361.07
120.294	1361.07
120.431	1361.07
120.601	1361.07
120.743	1361.07
120.876	1361.07
121.013	1361.07
121.150	1361.07
121.287	1361.07
121.424	1361.07
121.561	1361.07
121.730	1361.07
121.867	1361.07
122.004	1361.07
122.141	1361.07
122.278	1361.07
122.415	1361.07
122.552	1361.07
122.689	1361.07
122.863	1361.07
123.000	1361.07
123.137	1361.07
123.274	1361.07
123.411	1361.07
123.548	1361.07
123.685	1361.07
123.822	1361.07
123.991	1361.07
124.128	1361.07
124.265	1361.07
124.402	1361.07
124.539	1361.07
124.676	1361.07
124.813	1361.07
124.954	1361.07
125.125	1361.07
125.262	1361.07
125.399	1361.07
125.536	1361.07
125.673	1361.07
125.810	1361.07
125.947	1361.07
126.084	1361.07
126.253	1361.07
126.390	1361.07
126.527	1361.07
126.664	1361.07
126.801	1361.07
126.938	1361.07
127.079	1361.07
127.216	1361.07
127.385	1361.07
127.522	1361.07
127.659	1361.07
127.796	1361.07
127.933	1361.07
128.070	1361.07
128.207	1361.07
128.344	1361.07
128.513	1361.07
128.650	1361.07
128.787	1361.07
128.924	1361.07
129.061	1361.07
129.202	1361.07
129.340	1361.07
129.477	1361.07
129.646	1361.07
129.783	1361.07
129.920	1361.07
130.057	1361.07
130.194	1361.07
130.331	1361.07
130.468	1361.07
130.605	1361.07
130.774	1361.07
130.911	1361.07
131.048	1361.07
131.185	1361.07
131.326	1361.07
131.463	1361.07
131.600	1361.07
131.737	1365.01
131.907	1361.07
132.044	1361.07
132.181	1361.07
132.318	1361.07
132.455	1361.07
132.592	1361.07
132.729	1361.07
132.866	1361.07
133.036	1361.07
133.173	1365.01
133.310	1361.07
133.451	1361.07
133.589	1361.07
133.726	1361.07
133.863	1361.07
134.000	1361.07
134.170	1361.07
134.307	1361.07
134.444	1361.07
134.581	1361.07
134.718	1361.07
134.855	1361.07
134.992	1361.07
135.129	1361.07
135.299	1361.07
135.436	1361.07
135.577	1361.07
135.714	1361.07
135.851	1361.07
135.988	1361.07
136.125	1361.07
136.262	1361.07
136.432	1361.07
136.569	1361.07
136.706	1361.07
136.843	1361.07
136.980	1361.07
137.117	1361.07
137.254	1361.07
137.391	1361.07
137.560	1361.07
137.701	1361.07
137.839	1361.07
137.976	1361.07
138.113	1361.07
138.250	1361.07
138.387	1361.07
138.524	1361.07
138.694	1361.07
138.831	1361.07
138.968	1361.07
139.105	1361.07
139.242	1361.07
139.379	1361.07
139.516	1361.07
139.653	1361.07
139.827	1361.07
139.964	1361.07
140.101	1365.01
140.238	1361.07
140.375	1361.07
140.512	1361.07
140.649	1361.07
140.786	1361.07
140.955	1361.07
141.092	1361.07
141.229	1361.07
141.366	1361.07
141.503	1361.07
141.640	1361.07
141.777	1361.07
141.918	1361.07
142.089	1361.07
142.226	1361.07
142.363	1361.07
142.500	1361.07
142.637	1361.07
142.774	1361.07
142.911	1361.07
143.048	1361.07
143.217	1361.07
143.354	1361.07
143.491	1361.07
143.628	1361.07
143.765	1361.07
143.902	1361.07
144.043	1361.07
144.180	1361.07
144.349	1361.07
144.486	1361.07
144.623	1361.07
144.760	1361.07
144.897	1361.07
145.034	1361.07
145.171	1361.07
145.308	1361.07
145.477	1361.07
145.614	1361.07
145.751	1361.07
145.888	1361.07
146.025	1361.07
146.166	1361.07
146.304	1361.07
146.441	1365.01
146.612	1361.07
146.749	1361.07
146.886	1361.07
147.023	1361.07
147.160	1361.07
147.297	1361.07
147.434	1361.07
147.571	1361.07
147.741	1361.07
147.878	1361.07
148.015	1361.07
148.152	1361.07
148.293	1361.07
148.430	1361.07
148.567	1361.07
148.704	1361.07
148.875	1361.07
149.011	1361.07
149.148	1361.07
149.285	1361.07
149.422	1361.07
149.559	1361.07
149.696	1361.07
149.833	1361.07
150.004	1361.07
150.140	1361.07
150.277	1361.07
150.418	1361.07
150.556	1361.07
150.693	1361.07
150.830	1361.07
150.967	1361.07
151.138	1361.07
151.274	1361.07
151.411	1361.07
151.548	1361.07
151.685	1361.07
151.822	1361.07
151.959	1361.07
152.096	1361.07
152.265	1361.07
152.402	1361.07
152.543	1361.07
152.680	1361.07
152.817	1361.07
152.954	1361.07
153.091	1361.07
153.228	1361.07
153.397	1361.07
153.534	1361.07
153.671	1361.07
153.808	1361.07
153.945	1361.07
154.082	1361.07
154.219	1361.07
154.356	1361.07
154.525	1361.07
154.666	1361.07
154.804	1361.07
154.941	1361.07
155.078	1361.07
155.215	1361.07
155.352	1361.07
155.489	1361.07
155.658	1361.07
155.795	1361.07
155.932	1361.07
156.069	1361.07
156.206	1361.07
156.343	1361.07
156.480	1361.07
156.617	1361.07
156.791	1361.07
156.928	1361.07
157.065	1361.07
157.202	1361.07
157.339	1361.07
157.476	1361.07
157.613	1361.07
157.750	1361.07
157.919	1361.07
158.056	1361.07
158.193	1361.07
158.330	1361.07
158.467	1361.07
158.604	1361.07
158.741	1361.07
158.882	1361.07
159.051	1361.07
159.189	1361.07
159.326	1361.07
159.463	1361.07
159.600	1361.07
159.737	1361.07
159.874	1361.07
160.011	1361.07
160.180	1361.07
160.317	1361.07
160.454	1361.07
160.591	1361.07
160.728	1361.07
160.865	1361.07
161.006	1361.07
161.143	1361.07
161.312	1361.07
161.449	1361.07
161.586	1361.07
161.723	1361.07
161.860	1361.07
161.997	1361.07
162.134	1361.07
162.271	1361.07
162.440	1361.07
162.577	1361.07
162.714	1361.07
162.851	1361.07
162.988	1361.07
163.129	1361.07
163.266	1361.07
163.404	1361.07
163.573	1361.07
163.710	1361.07
163.847	1361.07
163.984	1361.07
164.121	1365.01
164.258	1361.07
164.395	1361.07
164.532	1361.07
164.701	1361.07
164.838	1361.07
164.975	1361.07
165.112	1361.07
165.253	1361.07
165.390	1361.07
165.527	1361.07
165.664	1361.07
165.833	1361.07
165.970	1361.07
166.107	1361.07
166.244	1361.07
166.381	1361.07
166.518	1361.07
166.655	1361.07
166.792	1361.07
166.961	1361.07
167.098	1361.07
167.235	1361.07
167.376	1361.07
167.513	1361.07
167.651	1361.07
167.788	1361.07
167.925	1361.07
168.094	1361.07
168.231	1361.07
168.368	1361.07
168.505	1361.07
168.642	1361.07
168.779	1361.07
168.916	1361.07
169.053	1361.07
169.222	1361.07
169.359	1361.07
169.500	1361.07
169.637	1361.07
169.774	1361.07
169.911	1361.07
170.048	1361.07
170.185	1361.07
170.354	1361.07
170.491	1361.07
170.628	1361.07
170.765	1361.07
170.902	1361.07
171.039	1361.07
171.176	1361.07
171.313	1361.07
171.482	1361.07
171.623	1361.07
171.760	1361.07
171.898	1361.07
172.035	1361.07
172.369	1361.07
172.657	1361.07
172.815	1361.07
172.952	1361.07
173.089	1361.07
173.226	1361.07
173.363	1361.07
173.500	1361.07
173.674	1361.07
173.811	1361.07
173.948	1361.07
174.085	1361.07
174.222	1361.07
174.359	1361.07
174.496	1361.07
174.633	1361.07
174.802	1361.07
174.939	1361.07
175.076	1361.07
175.213	1361.07
175.350	1361.07
175.487	1361.07
175.624	1361.07
175.765	1361.07
175.934	1361.07
176.071	1361.07
176.208	1361.07
176.345	1361.07
176.483	1361.07
176.620	1361.07
176.757	1361.07
176.894	1361.07
177.063	1361.07
177.200	1361.07
177.337	1361.07
177.474	1361.07
177.611	1361.07
177.748	1361.07
177.889	1361.07
178.026	1361.07
178.195	1361.07
178.332	1361.07
178.469	1361.07
178.606	1361.07
178.743	1361.07
178.880	1361.07
179.017	1361.07
179.154	1361.07
179.323	1361.07
179.460	1361.07
179.597	1361.07
179.734	1361.07
179.871	1361.07
180.012	1361.07
180.149	1361.07
180.286	1361.07
180.456	1361.07
180.592	1361.07
180.730	1361.07
180.867	1361.07
181.004	1361.07
181.141	1361.07
181.278	1361.07
181.415	1361.07
181.584	1361.07
181.721	1361.07
181.858	1361.07
181.995	1361.07
182.136	1361.07
182.273	1361.07
182.410	1361.07
182.547	1361.07
182.716	1361.07
182.853	1361.07
182.990	1361.07
183.127	1361.07
183.264	1361.07
183.401	1361.07
183.538	1361.07
183.675	1361.07
183.844	1361.07
183.981	1361.07
184.118	1361.07
184.259	1361.07
184.396	1361.07
184.533	1361.07
184.670	1361.07
184.807	1361.07
184.978	1361.07
185.115	1361.07
185.252	1361.07
185.389	1361.07
185.526	1361.07
185.663	1361.07
185.800	1361.07
185.937	1361.07
186.106	1361.07
186.243	1361.07
186.384	1361.07
186.521	1361.07
186.658	1361.07
186.795	1361.07
186.932	1361.07
187.069	1361.07
187.238	1361.07
187.375	1361.07
187.512	1361.07
187.649	1361.07
187.786	1361.07
187.923	1361.07
188.060	1361.07
188.197	1361.07
188.366	1361.07
188.507	1361.07
188.644	1361.07
188.781	1361.07
188.918	1361.07
189.055	1361.07
189.193	1361.07
189.330	1361.07
189.499	1361.07
189.636	1361.07
189.773	1361.07
189.910	1361.07
190.047	1361.07
190.184	1361.07
190.321	1361.07
190.458	1361.07
190.632	1361.07
190.769	1361.07
190.906	1361.07
191.043	1361.07
191.180	1361.07
191.317	1361.07
191.454	1361.07
191.591	1361.07
191.760	1361.07
191.897	1361.07
192.034	1361.07
192.171	1361.07
192.308	1361.07
192.445	1361.07
192.582	1361.07
192.723	1361.07
192.892	1361.07
193.029	1361.07
193.166	1361.07
193.303	1361.07
193.441	1361.07
193.574	1361.07
193.711	1361.07
193.848	1361.07
194.017	1361.07
194.154	1361.07
194.291	1361.07
194.428	1361.07
194.565	1361.07
194.702	1361.07
194.843	1361.07
194.980	1361.07
195.149	1361.07
195.286	1361.07
195.423	1361.07
195.560	1361.07
195.697	1361.07
195.834	1361.07
195.971	1361.07
196.108	1361.07
196.277	1361.07
196.414	1361.07
196.551	1361.07
196.688	1361.07
196.825	1361.07
196.966	1361.07
197.103	1361.07
197.240	1361.07
197.409	1361.07
197.546	1361.07
197.683	1361.07
197.821	1361.07
197.958	1361.07
198.095	1361.07
198.232	1361.07
198.369	1361.07
198.538	1361.07
198.675	1361.07
198.812	1361.07
198.949	1361.07
199.090	1361.07
199.227	1361.07
199.364	1361.07
199.501	1361.07
199.670	1361.07
199.807	1361.07
199.944	1361.07
200.081	1361.07
200.218	1361.07
200.355	1361.07
200.492	1361.07
200.629	1361.07
200.798	1361.07
200.935	1361.07
201.072	1361.07
201.213	1361.07
201.350	1361.07
201.487	1361.07
201.624	1361.07
201.761	1361.07
201.930	1361.07
202.068	1361.07
202.205	1361.07
202.342	1361.07
202.479	1361.07
202.616	1361.07
202.753	1361.07
202.890	1361.07
203.059	1361.07
203.196	1361.07
203.337	1361.07
203.474	1361.07
203.611	1361.07
203.748	1361.07
203.885	1361.07
204.022	1361.07
204.191	1361.07
204.328	1361.07
204.465	1361.07
204.602	1361.07
204.739	1361.07
204.876	1361.07
205.013	1361.07
205.150	1361.07
205.319	1361.07
205.460	1361.07
205.597	1361.07
205.734	1361.07
205.871	1361.07
206.008	1361.07
206.145	1361.07
206.283	1361.07
206.452	1361.07
206.589	1361.07
206.726	1361.07
206.863	1361.07
207.000	1361.07
207.137	1361.07
207.274	1361.07
207.411	1361.07
207.585	1361.07
207.722	1361.07
207.859	1361.07
207.996	1361.07
208.133	1361.07
208.270	1361.07
208.407	1361.07
208.544	1361.07
208.713	1361.07
208.850	1361.07
208.987	1361.07
209.124	1361.07
209.261	1361.07
209.398	1361.07
209.535	1361.07
209.676	1361.07
209.845	1361.07
209.982	1361.07
210.119	1361.07
210.256	1361.07
210.393	1361.07
210.531	1361.07
210.668	1361.07
210.805	1361.07
210.974	1361.07
211.111	1361.07
211.248	1361.07
211.385	1361.07
211.522	1361.07
211.659	1361.07
211.800	1361.07
211.937	1361.07
212.106	1361.07
212.243	1361.07
212.380	1361.07
212.517	1361.07
212.654	1361.07
212.791	1361.07
212.928	1361.07
213.065	1361.07
213.234	1361.07
213.371	1361.07
213.508	1361.07
213.645	1361.07
213.782	1361.07
213.923	1361.07
214.060	1361.07
214.197	1361.07
214.366	1361.07
214.503	1361.07
214.640	1361.07
214.778	1361.07
214.915	1361.07
215.052	1361.07
215.189	1361.07
215.326	1361.07
215.495	1361.07
215.632	1361.07
215.769	1361.07
215.906	1361.07
216.047	1361.07
216.184	1361.07
216.321	1361.07
216.458	1361.07
216.627	1361.07
216.764	1361.07
216.901	1361.07
217.038	1361.07
217.175	1361.07
217.312	1361.07
217.449	1361.07
217.586	1361.07
217.755	1361.07
217.892	1361.07
218.029	1361.07
218.170	1361.07
218.307	1361.07
218.444	1361.07
218.581	1361.07
218.718	1361.07
218.887	1361.07
219.025	1361.07
219.162	1361.07
219.299	1361.07
219.436	1361.07
219.573	1361.07
219.710	1361.07
219.847	1361.07
220.016	1361.07
220.153	1361.07
220.294	1361.07
220.431	1361.07
220.568	1361.07
220.705	1361.07
220.842	1361.07
220.979	1361.07
221.148	1361.07
221.285	1361.07
221.422	1361.07
221.559	1361.07
221.696	1361.07
221.833	1361.07
221.970	1361.07
222.107	1361.07
222.276	1361.07
222.417	1361.07
222.554	1361.07
222.691	1361.07
222.828	1361.07
222.965	1361.07
223.102	1361.07
223.240	1361.07
223.409	1361.07
223.546	1361.07
223.683	1361.07
223.820	1361.07
223.957	1361.07
224.094	1361.07
224.231	1361.07
224.368	1361.07
224.542	1361.07
224.679	1361.07
224.816	1361.07
224.953	1361.07
225.090	1361.07
225.227	1361.07
225.364	1361.07
225.501	1361.07
225.670	1361.07
225.807	1361.07
225.944	1361.07
226.081	1361.07
226.218	1361.07
226.355	1361.07
226.492	1361.07
226.633	1361.07
226.802	1361.07
226.939	1361.07
227.076	1361.07
227.213	1361.07
227.350	1361.07
227.488	1361.07
227.625	1361.07
227.762	1361.07
227.931	1361.07
228.068	1361.07
228.205	1361.07
228.342	1361.07
228.479	1361.07
228.616	1361.07
228.757	1361.07
228.894	1361.07
229.063	1361.07
229.200	1361.07
229.337	1361.07
229.474	1361.07
229.611	1361.07
229.748	1361.07
229.885	1361.07
230.022	1361.07
230.191	1361.07
230.328	1361.07
230.465	1361.07
230.602	1361.07
230.739	1361.07
230.880	1361.07
231.017	1361.07
231.154	1361.07
231.323	1361.07
231.460	1361.07
231.597	1361.07
231.734	1361.07
231.872	1361.07
232.009	1361.07
232.146	1361.07
232.283	1361.07
232.452	1361.07
232.589	1361.07
232.726	1361.07
232.863	1361.07
233.004	1361.07
233.141	1361.07
233.278	1361.07
233.415	1361.07
233.584	1361.07
233.721	1361.07
233.858	1361.07
233.995	1361.07
234.132	1361.07
234.269	1361.07
234.406	1361.07
234.543	1361.07
234.712	1361.07
234.849	1361.07
234.986	1361.07
235.127	1361.07
235.264	1361.07
235.401	1361.07
235.538	1361.07
235.675	1361.07
235.844	1361.07
235.981	1361.07
236.119	1361.07
236.256	1361.07
236.393	1361.07
236.530	1361.07
236.667	1361.07
236.804	1361.07
236.973	1361.07
237.110	1361.07
237.251	1361.07
237.388	1361.07
237.525	1361.07
237.662	1361.07
237.799	1361.07
237.936	1361.07
238.105	1361.07
238.242	1361.07
238.379	1361.07
238.516	1361.07
238.653	1361.07
238.790	1361.07
238.927	1361.07
239.064	1361.07
239.233	1361.07
239.374	1361.07
239.511	1361.07
239.648	1361.07
239.785	1361.07
239.922	1361.07
240.059	1361.07
240.196	1361.07
240.367	1361.07
240.504	1361.07
240.641	1361.07
240.778	1361.07
240.915	1361.07
241.052	1361.07
241.189	1361.07
241.326	1361.07
241.500	1361.07
241.637	1361.07
241.774	1361.07
241.911	1361.07
242.048	1361.07
242.185	1361.07
242.322	1361.07
242.459	1361.07
242.628	1361.07
242.765	1361.07
242.902	1361.07
243.039	1361.07
243.176	1361.07
243.313	1361.07
243.450	1361.07
243.591	1361.07
243.760	1361.07
243.897	1361.07
244.034	1361.07
244.171	1361.07
244.308	1361.07
244.445	1361.07
244.583	1361.07
244.720	1361.07
244.889	1361.07
245.026	1361.07
245.163	1361.07
245.300	1361.07
245.437	1361.07
245.574	1361.07
245.715	1361.07
245.852	1361.07
246.021	1361.07
246.158	1361.07
246.295	1361.07
246.432	1361.07
246.569	1361.07
246.706	1361.07
246.843	1361.07
246.980	1361.07
247.149	1361.07
247.286	1361.07
247.423	1361.07
247.560	1361.07
247.697	1361.07
247.838	1361.07
247.975	1361.07
248.112	1361.07
248.281	1361.07
248.418	1361.07
248.555	1361.07
248.692	1361.07
248.830	1361.07
248.967	1361.07
249.104	1361.07
249.241	1361.07
249.410	1361.07
249.547	1361.07
249.684	1361.07
249.821	1361.07
249.962	1361.07
250.099	1361.07
250.236	1361.07
250.373	1361.07
250.542	1361.07
250.679	1361.07
250.816	1361.07
250.953	1361.07
251.090	1361.07
251.227	1361.07
251.364	1361.07
251.501	1361.07
251.670	1361.07
251.807	1361.07
251.944	1361.07
252.085	1361.07
252.222	1361.07
252.359	1361.07
252.496	1361.07
252.633	1361.07
252.802	1361.07
252.939	1361.07
253.077	1361.07
253.214	1361.07
253.351	1361.07
253.488	1361.07
253.625	1361.07
253.762	1361.07
253.931	1361.07
254.068	1361.07
254.209	1361.07
254.346	1361.07
254.483	1361.07
254.620	1361.07
254.757	1361.07
254.894	1361.07
255.063	1361.07
255.200	1361.07
255.337	1361.07
255.474	1361.07
255.611	1361.07
255.748	1361.07
255.885	1361.07
256.022	1361.07
256.191	1361.07
256.332	1361.07
256.469	1361.07
256.606	1361.07
256.743	1361.07
256.880	1361.07
257.017	1361.07
257.154	1361.07
257.325	1361.07
257.462	1361.07
257.599	1361.07
257.736	1361.07
257.873	1361.07
258.010	1361.07
258.147	1361.07
258.284	1361.07
258.458	1361.07
258.595	1361.07
258.732	1361.07
258.869	1361.07
259.006	1361.07
259.143	1361.07
259.280	1361.07
259.417	1361.07
259.586	1361.07
259.723	1361.07
259.860	1361.07
259.997	1361.07
260.134	1361.07
260.271	1361.07
260.408	1361.07
260.549	1361.07
260.718	1361.07
260.855	1361.07
260.992	1361.07
261.129	1361.07
261.266	1361.07
261.403	1361.07
261.541	1361.07
261.678	1361.07
261.847	1361.07
261.984	1357.12
262.121	1361.07
262.258	1361.07
262.395	1361.07
262.532	1361.07
262.673	1361.07
262.810	1361.07
262.979	1361.07
263.116	1361.07
263.253	1361.07
263.390	1361.07
263.527	1361.07
263.664	1361.07
263.801	1361.07
263.938	1361.07
264.107	1361.07
264.244	1361.07
264.381	1361.07
264.518	1361.07
264.655	1361.07
264.796	1361.07
264.933	1361.07
265.070	1361.07
265.239	1361.07
265.376	1361.07
265.513	1361.07
265.650	1361.07
265.788	1361.07
265.921	1361.07
266.058	1361.07
266.195	1361.07
266.364	1361.07
266.501	1361.07
266.638	1361.07
266.775	1361.07
266.916	1361.07
267.053	1361.07
267.190	1361.07
267.327	1361.07
267.497	1361.07
267.634	1361.07
267.771	1361.07
267.908	1361.07
268.045	1361.07
268.182	1361.07
268.319	1361.07
268.456	1361.07
268.625	1361.07
268.762	1361.07
268.899	1361.07
269.040	1361.07
269.177	1361.07
269.314	1361.07
269.451	1361.07
269.588	1361.07
269.757	1361.07
269.894	1361.07
270.031	1361.07
270.169	1361.07
270.306	1361.07
270.443	1361.07
270.580	1361.07
270.717	1361.07
270.886	1361.07
271.023	1361.07
271.164	1361.07
271.301	1361.07
271.438	1361.07
271.575	1361.07
271.712	1361.07
271.849	1361.07
272.018	1361.07
272.155	1361.07
272.292	1361.07
272.429	1361.07
272.566	1361.07
272.703	1361.07
272.840	1361.07
272.977	1361.07
273.146	1361.07
273.287	1361.07
273.424	1361.07
273.561	1361.07
273.698	1361.07
273.835	1361.07
273.972	1361.07
274.109	1361.07
274.278	1361.07
274.416	1361.07
274.553	1361.07
274.690	1361.07
274.827	1361.07
274.964	1361.07
275.101	1361.07
275.238	1361.07
275.412	1361.07
275.549	1361.07
275.686	1361.07
275.823	1361.07
275.960	1361.07
276.097	1361.07
276.234	1357.12
276.371	1361.07
276.540	1361.07
276.677	1361.07
276.814	1361.07
276.951	1361.07
277.088	1361.07
277.225	1361.07
277.362	1361.07
277.503	1357.12
277.673	1361.07
277.810	1357.12
277.947	1361.07
278.084	1361.07
278.221	1361.07
278.358	1357.12
278.495	1357.12
278.638	1357.12
278.809	1361.07
278.945	1361.07
279.082	1357.12
279.219	1357.12
279.356	1361.07
279.493	1357.12
279.634	1357.12
279.771	1357.12
279.942	1357.12
280.078	1357.12
280.215	1357.12
280.352	1361.07
280.489	1357.12
280.626	1357.12
280.763	1357.12
280.900	1357.12
281.071	1357.12
281.207	1357.12
281.344	1357.12
281.481	1357.12
281.618	1357.12
281.759	1357.12
281.896	1357.12
282.033	1357.12
282.204	1357.12
282.340	1357.12
282.477	1357.12
282.614	1357.12
282.751	1357.12
282.889	1357.12
283.026	1357.12
283.163	1357.12
283.334	1357.12
283.470	1357.12
283.607	1357.12
283.744	1357.12
283.885	1357.12
284.022	1357.12
284.159	1357.12
284.296	1357.12
284.466	1357.12
284.603	1357.12
284.740	1357.12
284.877	1357.12
285.014	1357.12
285.151	1357.12
285.288	1357.12
285.425	1357.12
285.594	1357.12
285.731	1357.12
285.868	1357.12
286.009	1357.12
286.146	1357.12
286.283	1357.12
286.420	1357.12
286.557	1357.12
286.726	1357.12
286.863	1357.12
287.000	1357.12
287.138	1357.12
287.275	1357.12
287.412	1357.12
287.549	1357.12
287.686	1357.12
287.855	1357.12
287.992	1357.12
288.133	1357.12
288.270	1357.12
288.407	1357.12
288.544	1357.12
288.681	1357.12
288.818	1357.12
288.987	1357.12
289.124	1357.12
289.261	1357.12
289.398	1357.12
289.535	1357.12
289.672	1357.12
289.809	1357.12
289.946	1357.12
290.115	1357.12
290.256	1357.12
290.393	1357.12
290.530	1357.12
290.667	1357.12
290.804	1357.12
290.941	1357.12
291.078	1357.12
291.247	1357.12
291.385	1357.12
291.522	1357.12
291.659	1357.12
291.796	1357.12
291.933	1357.12
292.070	1357.12
292.207	1357.12
292.381	1357.12
292.518	1357.12
292.655	1357.12
292.792	1357.12
292.929	1357.12
293.066	1357.12
293.203	1357.12
293.340	1357.12
293.509	1357.12
293.646	1357.12
293.783	1357.12
293.920	1357.12
294.057	1357.12
294.194	1357.12
294.331	1357.12
294.472	1357.12
294.641	1357.12
294.778	1357.12
294.915	1357.12
295.052	1357.12
295.189	1357.12
295.326	1357.12
295.463	1357.12
295.601	1357.12
295.770	1357.12
295.907	1357.12
296.044	1357.12
296.181	1357.12
296.318	1357.12
296.455	1357.12
296.596	1357.12
296.733	1357.12
296.902	1357.12
297.039	1357.12
297.176	1357.12
297.313	1357.12
297.450	1357.12
297.587	1361.07
297.724	1361.07
297.861	1357.12
298.030	1357.12
298.167	1357.12
298.304	1357.12
298.441	1357.12
298.578	1357.12
298.719	1357.12
298.856	1357.12
298.993	1357.12
299.163	1357.12
299.299	1357.12
299.436	1357.12
299.573	1357.12
299.710	1357.12
299.848	1357.12
299.985	1357.12
300.122	1357.12
300.292	1357.12
300.428	1357.12
300.565	1357.12
300.702	1357.12
300.843	1357.12
300.980	1357.12
301.117	1357.12
301.254	1357.12
301.423	1357.12
301.560	1357.12
301.697	1357.12
301.834	1357.12
301.971	1357.12
302.108	1357.12
302.245	1357.12
302.382	1357.12
302.552	1357.12
302.688	1357.12
302.825	1357.12
302.966	1361.07
303.103	1357.12
303.240	1357.12
303.377	1357.12
303.514	1357.12
303.685	1357.12
303.821	1357.12
303.958	1357.12
304.095	1357.12
304.233	1357.12
304.370	1357.12
304.507	1357.12
304.644	1357.12
304.815	1357.12
304.951	1357.12
305.092	1357.12
305.229	1357.12
305.366	1357.12
305.503	1357.12
305.640	1357.12
305.777	1357.12
305.948	1357.12
306.084	1357.12
306.221	1357.12
306.358	1357.12
306.495	1357.12
306.632	1357.12
306.769	1357.12
306.906	1357.12
307.077	1357.12
307.217	1357.12
307.354	1357.12
307.491	1357.12
307.628	1357.12
307.765	1357.12
307.902	1357.12
308.039	1357.12
308.210	1357.12
308.347	1357.12
308.485	1357.12
308.622	1357.12
308.759	1357.12
308.896	1357.12
309.033	1357.12
309.170	1357.12
309.344	1357.12
309.481	1357.12
309.618	1357.12
309.755	1357.12
309.892	1357.12
310.029	1357.12
310.166	1357.12
310.303	1357.12
310.472	1357.12
310.609	1357.12
310.746	1361.07
310.883	1357.12
311.020	1357.12
311.157	1357.12
311.294	1357.12
311.435	1357.12
311.604	1357.12
311.741	1357.12
311.878	1357.12
312.015	1357.12
312.152	1357.12
312.289	1357.12
312.426	1357.12
312.563	1357.12
312.734	1357.12
312.871	1357.12
313.008	1357.12
313.145	1357.12
313.282	1357.12
313.419	1357.12
313.560	1357.12
313.697	1357.12
313.866	1357.12
314.003	1357.12
314.140	1357.12
314.277	1357.12
314.414	1357.12
314.551	1357.12
314.688	1357.12
314.825	1357.12
314.994	1357.12
315.131	1357.12
315.268	1357.12
315.405	1357.12
315.542	1357.12
315.683	1357.12
315.820	1357.12
315.957	1357.12
316.126	1357.12
316.263	1357.12
316.400	1357.12
316.537	1357.12
316.674	1357.12
316.811	1357.12
316.949	1357.12
317.086	1357.12
317.255	1357.12
317.392	1357.12
317.529	1357.12
317.666	1357.12
317.807	1357.12
317.944	1357.12
318.081	1357.12
318.218	1357.12
318.387	1357.12
318.524	1357.12
318.661	1357.12
318.798	1357.12
318.935	1357.12
319.072	1357.12
319.209	1357.12
319.346	1357.12
319.515	1357.12
319.652	1357.12
319.789	1357.12
319.930	1357.12
320.067	1357.12
320.204	1357.12
320.341	1357.12
320.478	1357.12
320.648	1357.12
320.784	1357.12
320.921	1357.12
321.058	1357.12
321.196	1357.12
321.333	1357.12
321.470	1357.12
321.607	1357.12
321.776	1357.12
321.913	1357.12
322.054	1357.12
322.191	1357.12
322.328	1357.12
322.465	1357.12
322.602	1357.12
322.739	1357.12
322.908	1357.12
323.045	1357.12
323.182	1357.12
323.319	1357.12
323.456	1357.12
323.593	1357.12
323.730	1357.12
323.867	1357.12
324.036	1357.12
324.177	1357.12
324.314	1357.12
324.451	1357.12
324.588	1357.12
324.725	1357.12
324.862	1357.12
324.999	1357.12
325.168	1357.12
325.305	1357.12
325.443	1357.12
325.580	1357.12
325.717	1357.12
325.854	1357.12
325.991	1357.12
326.128	1357.12
326.302	1357.12
326.439	1357.12
326.576	1357.12
326.713	1357.12
326.850	1357.12
326.987	1357.12
327.124	1357.12
327.261	1357.12
327.430	1357.12
327.567	1357.12
327.704	1357.12
327.841	1357.12
327.978	1357.12
328.115	1357.12
328.252	1357.12
328.393	1357.12
328.562	1357.12
328.699	1357.12
328.836	1357.12
328.973	1357.12
329.110	1357.12
329.247	1357.12
329.384	1357.12
329.521	1357.12
329.692	1357.12
329.829	1357.12
329.966	1357.12
330.103	1357.12
330.240	1357.12
330.377	1357.12
330.518	1357.12
330.655	1357.12
330.825	1357.12
330.961	1357.12
331.098	1357.12
331.235	1357.12
331.372	1357.12
331.509	1357.12
331.646	1357.12
331.783	1357.12
331.952	1357.12
332.089	1357.12
332.226	1357.12
332.363	1357.12
332.500	1357.12
332.641	1357.12
332.778	1357.12
332.915	1357.12
333.084	1357.12
333.221	1357.12
333.358	1357.12
333.495	1357.12
333.632	1357.12
333.769	1357.12
333.907	1357.12
334.044	1357.12
334.213	1357.12
334.350	1357.12
334.487	1357.12
334.624	1357.12
334.765	1357.12
334.902	1357.12
335.039	1357.12
335.176	1357.12
335.345	1357.12
335.482	1357.12
335.619	1357.12
335.756	1357.12
335.893	1357.12
336.030	1357.12
336.167	1357.12
336.304	1357.12
336.473	1357.12
336.610	1357.12
336.747	1357.12
336.888	1357.12
337.025	1357.12
337.162	1357.12
337.299	1357.12
337.436	1357.12
337.605	1357.12
337.742	1357.12
337.879	1357.12
338.016	1357.12
338.154	1357.12
338.287	1357.12
338.424	1357.12
338.561	1357.12
338.730	1357.12
338.867	1357.12
339.008	1357.12
339.145	1357.12
339.282	1357.12
339.419	1357.12
339.556	1357.12
339.693	1357.12
339.862	1357.12
339.999	1357.12
340.136	1357.12
340.273	1357.12
340.410	1357.12
340.547	1357.12
340.684	1357.12
340.821	1357.12
340.990	1357.12
341.131	1357.12
341.268	1357.12
341.405	1357.12
341.542	1357.12
341.679	1357.12
341.816	1357.12
341.953	1357.12
342.122	1357.12
342.259	1357.12
342.396	1357.12
342.534	1357.12
342.671	1357.12
342.808	1357.12
342.945	1357.12
343.082	1357.12
343.256	1357.12
343.393	1357.12
343.530	1357.12
343.667	1357.12
343.804	1357.12
343.941	1357.12
344.078	1357.12
344.215	1357.12
344.384	1357.12
344.521	1357.12
344.658	1357.12
344.795	1357.12
344.932	1357.12
345.069	1357.12
345.206	1357.12
345.347	1357.12
345.516	1357.12
345.653	1357.12
345.790	1357.12
345.927	1357.12
346.064	1357.12
346.201	1357.12
346.338	1357.12
346.475	1357.12
346.644	1357.12
346.782	1357.12
346.919	1357.12
347.056	1357.12
347.193	1357.12
347.330	1357.12
347.471	1357.12
347.608	1357.12
347.777	1357.12
347.914	1357.12
348.051	1357.12
348.188	1357.12
348.325	1357.12
348.462	1357.12
348.599	1357.12
348.736	1357.12
348.905	1357.12
349.042	1357.12
349.179	1357.12
349.316	1357.12
349.453	1357.12
349.594	1357.12
349.731	1357.12
349.868	1357.12
350.037	1357.12
350.174	1357.12
350.311	1357.12
350.448	1357.12
350.585	1357.12
350.722	1357.12
350.859	1357.12
350.997	1357.12
351.167	1357.12
351.303	1357.12
351.440	1357.12
351.577	1357.12
351.718	1357.12
351.855	1357.12
351.992	1357.12
352.129	1357.12
352.298	1357.12
352.435	1357.12
352.572	1357.12
352.709	1357.12
352.846	1357.12
352.983	1357.12
353.120	1357.12
353.257	1357.12
353.426	1357.12
353.563	1357.12
353.700	1357.12
353.841	1357.12
353.978	1357.12
354.115	1357.12
354.252	1357.12
354.389	1357.12
354.558	1357.12
354.695	1357.12
354.832	1357.12
354.969	1357.12
355.106	1357.12
355.244	1357.12
355.381	1357.12
355.518	1357.12
355.688	1357.12
355.824	1357.12
355.965	1357.12
356.102	1357.12
356.239	1357.12
356.376	1357.12
356.513	1357.12
356.650	1357.12
356.819	1357.12
356.956	1357.12
357.093	1357.12
357.230	1357.12
357.367	1357.12
357.504	1357.12
357.641	1357.12
357.778	1357.12
357.947	1357.12
358.088	1357.12
358.225	1357.12
358.362	1357.12
358.499	1357.12
358.636	1357.12
358.773	1357.12
358.910	1357.12
359.080	1357.12
359.216	1357.12
359.353	1357.12
359.491	1357.12
359.628	1357.12
359.765	1357.12
359.902	1357.12
360.039	1357.12
360.213	1357.12
360.350	1357.12
360.487	1357.12
360.624	1357.12
360.761	1357.12
360.898	1357.12
361.035	1357.12
361.172	1357.12
361.341	1357.12
361.478	1357.12
361.615	1357.12
361.752	1357.12
361.889	1357.12
362.026	1357.12
362.163	1357.12
362.304	1357.12
362.474	1357.12
362.610	1357.12
362.747	1357.12
362.884	1357.12
363.021	1357.12
363.158	1357.12
363.295	1357.12
363.432	1357.12
363.602	1357.12
363.739	1357.12
363.876	1357.12
364.013	1357.12
364.150	1357.12
364.287	1357.12
364.428	1357.12
364.565	1357.12
364.735	1357.12
364.871	1357.12
365.008	1357.12
365.145	1357.12
365.282	1357.12
365.419	1357.12
365.556	1357.12
365.693	1357.12
365.863	1357.12
365.999	1357.12
366.136	1357.12
366.273	1357.12
366.410	1357.12
366.551	1357.12
366.688	1357.12
366.825	1357.12
366.995	1357.12
367.131	1357.12
367.268	1357.12
367.405	1357.12
367.542	1357.12
367.679	1357.12
367.816	1357.12
367.954	1357.12
368.123	1357.12
368.260	1357.12
368.397	1357.12
368.534	1357.12
368.675	1357.12
368.812	1357.12
368.949	1357.12
369.086	1357.12
369.256	1357.12
369.392	1357.12
369.529	1357.12
369.666	1357.12
369.803	1357.12
369.940	1357.12
370.077	1357.12
370.214	1357.12
370.383	1357.12
370.520	1357.12
370.657	1357.12
370.798	1357.12
370.935	1357.12
371.072	1357.12
371.209	1357.12
371.346	1357.12
371.515	1357.12
371.652	1357.12
371.789	1357.12
371.926	1357.12
372.063	1357.12
372.201	1357.12
372.338	1357.12
372.475	1357.12
372.644	1357.12
372.781	1357.12
372.922	1357.12
373.059	1357.12
373.196	1357.12
373.333	1357.12
373.470	1357.12
373.607	1357.12
373.776	1357.12
373.913	1357.12
374.050	1357.12
374.187	1357.12
374.324	1357.12
374.461	1357.12
374.598	1357.12
374.735	1357.12
374.904	1357.12
375.045	1357.12
375.182	1357.12
375.319	1357.12
375.456	1357.12
375.593	1357.12
375.730	1357.12
375.867	1357.12
376.036	1357.12
376.173	1357.12
376.310	1357.12
376.447	1357.12
376.585	1357.12
376.722	1357.12
376.859	1357.12
376.996	1357.12
377.170	1357.12
377.307	1357.12
377.444	1357.12
377.581	1357.12
377.718	1357.12
377.855	1357.12
377.992	1357.12
378.129	1357.12
378.298	1357.12
378.435	1357.12
378.572	1357.12
378.709	1357.12
378.846	1357.12
378.983	1357.12
379.120	1357.12
379.261	1357.12
379.430	1357.12
379.567	1357.12
379.704	1357.12
379.841	1357.12
379.978	1357.12
380.115	1357.12
380.252	1357.12
380.389	1357.12
380.559	1357.12
380.695	1357.12
380.833	1357.12
380.970	1357.12
381.107	1357.12
381.244	1357.12
381.385	1357.12
381.522	1357.12
381.691	1357.12
381.828	1357.12
381.965	1357.12
382.102	1357.12
382.239	1357.12
382.376	1357.12
382.513	1357.12
382.650	1357.12
382.819	1357.12
382.956	1357.12
383.093	1357.12
383.230	1357.12
383.367	1357.12
383.508	1357.12
383.645	1357.12
383.782	1357.12
383.951	1357.12
384.088	1357.12
384.225	1357.12
384.362	1357.12
384.499	1357.12
384.636	1357.12
384.773	1357.12
384.910	1357.12
385.081	1357.12
385.218	1357.12
385.355	1357.12
385.492	1357.12
385.633	1357.12
385.770	1357.12
385.907	1357.12
386.044	1357.12
386.213	1357.12
386.350	1357.12
386.487	1357.12
386.624	1357.12
386.761	1357.12
386.898	1357.12
387.035	1357.12
387.172	1357.12
387.341	1357.12
387.478	1357.12
387.615	1357.12
387.756	1357.12
387.893	1357.12
388.030	1357.12
388.167	1357.12
388.304	1357.12
388.473	1357.12
388.610	1357.12
388.747	1357.12
388.884	1357.12
389.021	1357.12
389.158	1357.12
389.296	1357.12
389.433	1357.12
389.602	1357.12
389.739	1357.12
389.880	1357.12
390.017	1357.12
390.154	1357.12
390.291	1357.12
390.428	1357.12
390.565	1357.12
390.735	1357.12
390.871	1357.12
391.008	1357.12
391.145	1357.12
391.282	1357.12
391.419	1357.12
391.556	1357.12
391.693	1357.12
391.862	1357.12
392.003	1357.12
392.140	1357.12
392.277	1357.12
392.414	1357.12
392.551	1357.12
392.688	1357.12
392.825	1357.12
392.994	1357.12
393.131	1357.12
393.268	1357.12
393.405	1357.12
393.543	1353.18
393.680	1357.12
393.817	1357.12
393.954	1357.12
394.128	1357.12
394.265	1357.12
394.402	1357.12
394.539	1357.12
394.676	1357.12
394.813	1357.12
394.950	1357.12
395.087	1357.12
395.256	1357.12
395.393	1357.12
395.530	1353.18
395.667	1357.12
395.804	1357.12
395.941	1357.12
396.078	1357.12
396.219	1357.12
396.388	1357.12
396.525	1357.12
396.662	1357.12
396.799	1357.12
396.936	1357.12
397.073	1357.12
397.210	1357.12
397.347	1353.18
397.518	1357.12
397.654	1357.12
397.792	1357.12
397.929	1357.12
398.066	1357.12
398.203	1357.12
398.344	1357.12
398.481	1357.12
398.652	1357.12
398.788	1357.12
398.925	1357.12
399.062	1357.12
399.199	1357.12
399.336	1357.12
399.473	1357.12
399.610	1357.12
399.781	1357.12
399.917	1357.12
400.054	1357.12
400.191	1357.12
400.328	1357.12
400.469	1357.12
400.606	1357.12
400.743	1357.12
400.914	1357.12
401.050	1357.12
401.187	1357.12
401.324	1357.12
401.461	1357.12
401.598	1357.12
401.735	1357.12
401.872	1357.12
402.044	1353.18
402.181	1357.12
402.318	1357.12
402.455	1357.12
402.596	1357.12
402.733	1357.12
402.870	1357.12
403.007	1357.12
403.178	1357.12
403.314	1357.12
403.451	1357.12
403.588	1357.12
403.725	1357.12
403.862	1357.12
403.999	1357.12
404.136	1357.12
404.307	1357.12
404.443	1357.12
404.580	1357.12
404.721	1357.12
404.858	1357.12
404.995	1357.12
405.132	1353.18
405.269	1357.12
405.440	1357.12
405.576	1357.12
405.713	1357.12
405.850	1357.12
405.987	1357.12
406.124	1357.12
406.262	1357.12
406.399	1357.12
406.570	1357.12
406.706	1357.12
406.847	1353.18
406.984	1357.12
407.121	1357.12
407.258	1357.12
407.395	1357.12
407.532	1357.12
407.702	1357.12
407.839	1357.12
407.976	1357.12
408.113	1357.12
408.250	1357.12
408.387	1357.12
408.524	1357.12
408.661	1357.12
408.832	1357.12
408.972	1357.12
409.109	1357.12
409.246	1357.12
409.383	1357.12
409.520	1357.12
409.657	1353.18
409.794	1357.12
409.965	1357.12
410.101	1357.12
410.238	1357.12
410.375	1357.12
410.513	1357.12
410.646	1357.12
410.783	1357.12
410.920	1357.12
411.095	1357.12
411.232	1357.12
411.369	1357.12
411.506	1357.12
411.643	1357.12
411.780	1357.12
411.917	1357.12
412.054	1353.18
412.225	1357.12
412.362	1357.12
412.499	1357.12
412.636	1357.12
412.773	1357.12
412.910	1353.18
413.047	1357.12
413.188	1357.12
413.359	1353.18
413.495	1357.12
413.632	1357.12
413.769	1357.12
413.906	1357.12
414.043	1357.12
414.180	1357.12
414.317	1357.12
414.486	1357.12
414.623	1357.12
414.760	1357.12
414.898	1357.12
415.035	1353.18
415.172	1357.12
415.313	1357.12
415.450	1357.12
415.620	1357.12
415.756	1357.12
415.893	1353.18
416.030	1357.12
416.167	1357.12
416.304	1357.12
416.441	1353.18
416.578	1353.18
416.749	1353.18
416.886	1353.18
417.023	1353.18
417.160	1353.18
417.297	1353.18
417.438	1353.18
417.575	1353.18
417.712	1353.18
417.883	1353.18
418.019	1353.18
418.156	1353.18
418.293	1353.18
418.430	1353.18
418.567	1353.18
418.704	1353.18
418.841	1353.18
419.012	1357.12
419.150	1353.18
419.287	1353.18
419.424	1353.18
419.565	1353.18
419.702	1353.18
419.839	1353.18
419.976	1353.18
420.147	1357.12
420.284	1353.18
420.421	1353.18
420.558	1353.18
420.695	1353.18
420.832	1353.18
420.969	1353.18
421.106	1353.18
421.277	1353.18
421.413	1353.18
421.550	1353.18
421.691	1353.18
421.828	1357.12
421.965	1357.12
422.102	1357.12
422.239	1357.12
422.410	1357.12
422.546	1357.12
422.683	1357.12
422.820	1357.12
422.957	1357.12
423.094	1357.12
423.231	1357.12
423.370	1357.12
423.541	1357.12
423.677	1357.12
423.818	1357.12
423.955	1357.12
424.092	1357.12
424.229	1357.12
424.366	1357.12
424.503	1357.12
424.674	1357.12
424.810	1357.12
424.947	1357.12
425.084	1357.12
425.221	1357.12
425.358	1357.12
425.495	1357.12
425.632	1357.12
425.803	1357.12
425.943	1357.12
426.080	1357.12
426.217	1357.12
426.354	1357.12
426.491	1357.12
426.628	1357.12
426.765	1357.12
426.936	1357.12
427.072	1357.12
427.209	1357.12
427.346	1357.12
427.483	1357.12
427.621	1357.12
427.758	1357.12
427.895	1357.12
428.069	1353.18
428.206	1357.12
428.343	1357.12
428.480	1357.12
428.617	1357.12
428.754	1357.12
428.891	1353.18
429.028	1357.12
429.199	1357.12
429.335	1357.12
429.472	1357.12
429.609	1357.12
429.746	1357.12
429.883	1353.18
430.020	1357.12
430.161	1353.18
430.332	1357.12
430.468	1357.12
430.605	1357.12
430.742	1357.12
430.879	1357.12
431.016	1357.12
431.153	1357.12
431.290	1357.12
431.460	1357.12
431.597	1357.12
431.734	1357.12
431.872	1357.12
432.009	1357.12
432.146	1357.12
432.287	1357.12
432.424	1357.12
432.594	1357.12
432.731	1357.12
432.868	1357.12
433.005	1357.12
433.142	1357.12
433.279	1357.12
433.416	1357.12
433.553	1357.12
433.723	1357.12
433.860	1357.12
433.997	1357.12
434.134	1357.12
434.271	1357.12
434.412	1357.12
434.549	1357.12
434.686	1357.12
434.856	1357.12
434.993	1357.12
435.130	1353.18
435.267	1357.12
435.404	1353.18
435.541	1353.18
435.678	1353.18
435.815	1353.18
435.986	1353.18
436.123	1357.12
436.260	1353.18
436.397	1353.18
436.538	1357.12
436.675	1357.12
436.812	1357.12
436.949	1357.12
437.119	1353.18
437.256	1357.12
437.393	1357.12
437.530	1357.12
437.667	1357.12
437.804	1353.18
437.941	1353.18
438.078	1357.12
438.248	1353.18
438.385	1353.18
438.522	1353.18
438.663	1357.12
438.800	1357.12
438.937	1353.18
439.074	1357.12
439.211	1353.18
439.381	1353.18
439.518	1353.18
439.655	1353.18
439.792	1357.12
439.929	1357.12
440.066	1353.18
440.203	1353.18
440.341	1353.18
440.512	1357.12
440.648	1353.18
440.789	1357.12
440.926	1357.12
441.063	1357.12
441.200	1353.18
441.337	1353.18
441.474	1353.18
441.645	1357.12
441.781	1353.18
441.918	1353.18
442.055	1353.18
442.192	1353.18
442.329	1353.18
442.466	1353.18
442.603	1353.18
442.774	1353.18
442.914	1353.18
443.051	1357.12
443.188	1357.12
443.325	1353.18
443.462	1353.18
443.599	1353.18
443.736	1353.18
443.907	1353.18
444.043	1353.18
444.180	1353.18
444.317	1353.18
444.454	1353.18
444.592	1353.18
444.729	1353.18
444.866	1353.18
445.041	1353.18
445.178	1353.18
445.315	1353.18
445.452	1353.18
445.589	1353.18
445.726	1353.18
445.863	1353.18
446.000	1353.18
446.171	1353.18
446.307	1353.18
446.444	1353.18
446.581	1353.18
446.718	1353.18
446.855	1353.18
446.992	1353.18
447.133	1353.18
447.302	1353.18
447.439	1353.18
447.576	1353.18
447.713	1353.18
447.850	1353.18
447.987	1353.18
448.124	1353.18
448.261	1353.18
448.430	1353.18
448.567	1353.18
448.704	1353.18
448.841	1353.18
448.979	1353.18
449.116	1353.18
449.257	1353.18
449.394	1353.18
449.563	1353.18
449.700	1353.18
449.837	1353.18
449.974	1353.18
450.111	1353.18
450.248	1353.18
450.385	1353.18
450.522	1353.18
450.691	1353.18
450.828	1353.18
450.965	1353.18
451.102	1353.18
451.239	1353.18
451.380	1353.18
451.517	1353.18
451.654	1353.18
451.823	1353.18
451.960	1353.18
452.097	1353.18
452.234	1353.18
452.371	1353.18
452.508	1353.18
452.645	1353.18
452.782	1353.18
452.951	1353.18
453.088	1353.18
453.226	1353.18
453.363	1353.18
453.504	1353.18
453.641	1353.18
453.778	1353.18
453.915	1353.18
454.084	1353.18
454.221	1353.18
454.358	1353.18
454.495	1353.18
454.632	1353.18
454.769	1353.18
454.906	1353.18
455.043	1353.18
455.212	1353.18
455.349	1353.18
455.486	1353.18
455.627	1353.18
455.764	1353.18
455.901	1353.18
456.038	1353.18
456.175	1353.18
456.344	1353.18
456.481	1353.18
456.618	1353.18
456.755	1353.18
456.892	1353.18
457.029	1353.18
457.166	1353.18
457.303	1353.18
457.474	1353.18
457.611	1353.18
457.752	1353.18
457.889	1353.18
458.026	1353.18
458.163	1353.18
458.300	1353.18
458.437	1353.18
458.607	1353.18
458.743	1353.18
458.880	1353.18
459.017	1353.18
459.154	1353.18
459.291	1353.18
459.428	1353.18
459.565	1353.18
459.734	1353.18
459.875	1353.18
460.012	1353.18
460.149	1353.18
460.286	1353.18
460.423	1353.18
460.560	1353.18
460.697	1353.18
460.866	1353.18
461.003	1353.18
461.140	1353.18
461.277	1353.18
461.414	1353.18
461.551	1353.18
461.689	1353.18
461.826	1353.18
462.000	1353.18
462.137	1353.18
462.274	1353.18
462.411	1353.18
462.548	1353.18
462.685	1357.12
462.822	1353.18
462.959	1353.18
463.128	1357.12
463.265	1353.18
463.402	1353.18
463.539	1353.18
463.676	1353.18
463.813	1353.18
463.950	1353.18
464.091	1353.18
464.261	1353.18
464.398	1357.12
464.535	1353.18
464.672	1353.18
464.809	1353.18
464.946	1353.18
465.083	1353.18
465.220	1353.18
465.391	1353.18
465.527	1353.18
465.664	1353.18
465.801	1357.12
465.939	1353.18
466.076	1353.18
466.217	1353.18
466.354	1353.18
466.525	1357.12
466.661	1353.18
466.798	1353.18
466.935	1353.18
467.072	1353.18
467.209	1353.18
467.346	1353.18
467.483	1353.18
467.653	1353.18
467.790	1357.12
467.927	1357.12
468.064	1353.18
468.201	1357.12
468.342	1353.18
468.479	1357.12
468.616	1357.12
468.786	1357.12
468.923	1357.12
469.060	1357.12
469.197	1357.12
469.334	1357.12
469.471	1357.12
469.608	1353.18
469.745	1353.18
469.916	1353.18
470.052	1353.18
470.190	1353.18
470.327	1357.12
470.468	1353.18
470.605	1353.18
470.742	1353.18
470.879	1353.18
471.050	1353.18
471.186	1353.18
471.323	1353.18
471.460	1353.18
471.597	1353.18
471.734	1353.18
471.871	1353.18
472.008	1353.18
472.179	1353.18
472.315	1353.18
472.452	1353.18
472.593	1353.18
472.730	1353.18
472.867	1353.18
473.004	1353.18
473.141	1353.18
473.312	1353.18
473.448	1353.18
473.585	1353.18
473.722	1353.18
473.859	1353.18
473.996	1353.18
474.133	1353.18
474.270	1353.18
474.442	1353.18
474.579	1357.12
474.720	1353.18
474.857	1353.18
474.994	1353.18
475.131	1353.18
475.268	1353.18
475.405	1353.18
475.576	1353.18
475.712	1353.18
475.849	1353.18
475.986	1353.18
476.123	1353.18
476.260	1357.12
476.397	1353.18
476.534	1353.18
476.705	1357.12
476.845	1357.12
476.982	1357.12
477.119	1353.18
477.256	1357.12
477.393	1353.18
477.530	1357.12
477.667	1353.18
477.838	1353.18
477.974	1353.18
478.111	1353.18
478.248	1353.18
478.385	1353.18
478.522	1353.18
478.660	1357.12
478.797	1357.12
478.972	1357.12
479.109	1353.18
479.246	1357.12
479.383	1357.12
479.520	1357.12
479.657	1357.12
479.794	1357.12
479.931	1357.12
480.102	1357.12
480.238	1357.12
480.375	1357.12
480.512	1353.18
480.649	1353.18
480.786	1353.18
480.923	1353.18
481.064	1353.18
481.235	1353.18
481.371	1353.18
481.508	1357.12
481.645	1353.18
481.782	1353.18
481.919	1353.18
482.056	1353.18
482.193	1353.18
482.364	1353.18
482.501	1357.12
482.638	1353.18
482.775	1353.18
482.913	1353.18
483.046	1353.18
483.187	1353.18
483.324	1353.18
483.494	1353.18
483.630	1353.18
483.767	1353.18
483.904	1353.18
484.041	1353.18
484.178	1353.18
484.315	1353.18
484.452	1353.18
484.622	1353.18
484.758	1353.18
484.895	1353.18
485.032	1353.18
485.169	1353.18
485.310	1353.18
485.447	1353.18
485.584	1353.18
485.755	1353.18
485.892	1353.18
486.029	1353.18
486.166	1357.12
486.303	1353.18
486.440	1353.18
486.577	1353.18
486.714	1353.18
486.884	1353.18
487.020	1353.18
487.157	1353.18
487.295	1353.18
487.436	1353.18
487.573	1353.18
487.710	1353.18
487.847	1353.18
488.018	1353.18
488.154	1353.18
488.291	1353.18
488.428	1353.18
488.565	1353.18
488.702	1353.18
488.839	1353.18
488.976	1353.18
489.146	1353.18
489.282	1353.18
489.419	1353.18
489.560	1353.18
489.697	1357.12
489.834	1353.18
489.971	1353.18
490.108	1353.18
490.278	1353.18
490.414	1353.18
490.551	1353.18
490.688	1353.18
490.825	1353.18
490.962	1353.18
491.099	1353.18
491.236	1353.18
491.405	1353.18
491.543	1353.18
491.684	1353.18
491.821	1353.18
491.958	1353.18
492.095	1353.18
492.232	1353.18
492.369	1353.18
492.538	1353.18
492.675	1353.18
492.812	1353.18
492.949	1353.18
493.086	1353.18
493.223	1353.18
493.360	1353.18
493.497	1353.18
493.666	1353.18
493.807	1353.18
493.944	1353.18
494.081	1353.18
494.218	1353.18
494.355	1353.18
494.492	1353.18
494.629	1353.18
494.798	1357.12
494.935	1353.18
495.072	1353.18
495.209	1353.18
495.346	1353.18
495.483	1353.18
495.620	1353.18
495.758	1353.18
495.933	1353.18
496.070	1353.18
496.207	1353.18
496.344	1353.18
496.481	1353.18
496.618	1353.18
496.755	1353.18
496.892	1353.18
497.063	1353.18
497.199	1353.18
497.336	1353.18
497.473	1353.18
497.610	1353.18
497.747	1353.18
497.884	1353.18
498.025	1353.18
498.196	1353.18
498.332	1353.18
498.469	1353.18
498.606	1353.18
498.743	1353.18
498.880	1353.18
499.017	1353.18
499.154	1353.18
499.325	1353.18
499.461	1353.18
499.598	1353.18
499.735	1353.18
499.872	1353.18
500.010	1353.18
500.151	1353.18
500.288	1353.18
500.458	1353.18
500.594	1353.18
500.731	1353.18
500.868	1353.18
501.005	1353.18
501.142	1353.18
501.279	1353.18
501.416	1353.18
501.585	1353.18
501.722	1353.18
501.859	1353.18
501.996	1353.18
502.133	1353.18
502.274	1353.18
502.411	1353.18
502.548	1353.18
502.718	1353.18
502.854	1353.18
502.991	1353.18
503.128	1353.18
503.265	1353.18
503.402	1353.18
503.539	1353.18
503.676	1353.18
503.846	1353.18
503.982	1353.18
504.119	1353.18
504.257	1353.18
504.398	1353.18
504.535	1353.18
504.672	1353.18
504.809	1353.18
504.979	1353.18
505.115	1353.18
505.252	1353.18
505.389	1357.12
505.526	1353.18
505.663	1353.18
505.800	1353.18
505.937	1353.18
506.107	1353.18
506.243	1353.18
506.380	1353.18
506.521	1353.18
506.658	1353.18
506.795	1353.18
506.932	1353.18
507.069	1353.18
507.238	1353.18
507.375	1353.18
507.512	1353.18
507.649	1353.18
507.786	1353.18
507.923	1353.18
508.060	1353.18
508.197	1353.18
508.367	1353.18
508.504	1353.18
508.645	1353.18
508.782	1353.18
508.919	1353.18
509.056	1353.18
509.193	1353.18
509.330	1353.18
509.500	1353.18
509.636	1353.18
509.773	1353.18
509.910	1353.18
510.047	1353.18
510.184	1353.18
510.321	1353.18
510.458	1353.18
510.628	1353.18
510.768	1353.18
510.905	1353.18
511.042	1353.18
511.179	1353.18
511.316	1353.18
511.453	1353.18
511.590	1353.18
511.759	1353.18
511.896	1353.18
512.033	1353.18
512.170	1353.18
512.307	1353.18
512.444	1353.18
512.581	1353.18
512.719	1353.18
512.893	1353.18
513.030	1353.18
513.167	1353.18
513.304	1353.18
513.441	1353.18
513.578	1353.18
513.715	1353.18
513.852	1353.18
514.022	1353.18
514.158	1353.18
514.295	1353.18
514.432	1353.18
514.569	1353.18
514.706	1353.18
514.843	1353.18
514.984	1353.18
515.154	1353.18
515.290	1353.18
515.427	1353.18
515.564	1353.18
515.701	1353.18
515.838	1353.18
515.975	1353.18
516.112	1353.18
516.282	1353.18
516.418	1353.18
516.555	1357.12
516.692	1353.18
516.829	1353.18
516.967	1353.18
517.108	1353.18
517.245	1353.18
517.414	1353.18
517.551	1353.18
517.688	1353.18
517.825	1353.18
517.962	1353.18
518.099	1353.18
518.236	1353.18
518.373	1353.18
518.543	1353.18
518.679	1353.18
518.816	1353.18
518.953	1353.18
519.090	1353.18
519.231	1353.18
519.368	1353.18
519.505	1353.18
519.675	1353.18
519.811	1353.18
519.948	1353.18
520.085	1353.18
520.222	1353.18
520.359	1353.18
520.496	1353.18
520.633	1353.18
520.803	1353.18
520.939	1353.18
521.076	1353.18
521.213	1353.18
521.356	1353.18
521.493	1353.18
521.630	1353.18
521.767	1353.18
521.936	1353.18
522.073	1353.18
522.210	1353.18
522.347	1353.18
522.484	1353.18
522.621	1353.18
522.758	1353.18
522.895	1353.18
523.065	1353.18
523.201	1353.18
523.338	1353.18
523.479	1353.18
523.616	1353.18
523.753	1353.18
523.890	1357.12
524.027	1353.18
524.197	1353.18
524.333	1353.18
524.470	1353.18
524.607	1353.18
524.744	1353.18
524.881	1353.18
525.018	1353.18
525.155	1353.18
525.325	1353.18
525.461	1353.18
525.604	1353.18
525.741	1353.18
525.878	1353.18
526.015	1353.18
526.152	1353.18
526.289	1353.18
526.459	1353.18
526.595	1353.18
526.732	1353.18
526.869	1353.18
527.006	1353.18
527.143	1353.18
527.280	1353.18
527.417	1353.18
527.586	1353.18
527.727	1353.18
527.864	1353.18
528.001	1353.18
528.138	1353.18
528.275	1353.18
528.412	1353.18
528.549	1353.18
528.719	1353.18
528.855	1353.18
528.992	1353.18
529.129	1353.18
529.266	1353.18
529.403	1353.18
529.540	1353.18
529.677	1353.18
529.853	1353.18
529.990	1353.18
530.127	1353.18
530.264	1353.18
530.401	1353.18
530.538	1353.18
530.675	1353.18
530.812	1353.18
530.982	1353.18
531.118	1353.18
531.255	1353.18
531.392	1353.18
531.529	1353.18
531.666	1353.18
531.803	1353.18
531.944	1353.18
532.113	1353.18
532.250	1353.18
532.387	1353.18
532.524	1353.18
532.661	1353.18
532.798	1353.18
532.935	1353.18
533.072	1353.18
533.242	1353.18
533.378	1353.18
533.515	1353.18
533.652	1353.18
533.789	1353.18
533.926	1353.18
534.069	1353.18
534.206	1353.18
534.376	1353.18
534.512	1353.18
534.649	1353.18
534.786	1353.18
534.923	1353.18
535.060	1353.18
535.197	1353.18
535.334	1353.18
535.504	1353.18
535.640	1353.18
535.777	1353.18
535.914	1353.18
536.051	1353.18
536.192	1353.18
536.329	1353.18
536.466	1353.18
536.636	1353.18
536.772	1353.18
536.909	1353.18
537.046	1353.18
537.183	1353.18
537.320	1353.18
537.457	1353.18
537.594	1353.18
537.764	1353.18
537.900	1353.18
538.037	1353.18
538.174	1353.18
538.317	1353.18
538.454	1353.18
538.591	1353.18
538.728	1353.18
538.898	1353.18
539.034	1353.18
539.171	1353.18
539.308	1353.18
539.445	1353.18
539.582	1353.18
539.719	1353.18
539.856	1353.18
540.026	1353.18
540.162	1353.18
540.299	1353.18
540.440	1353.18
540.577	1353.18
540.714	1353.18
540.851	1353.18
540.988	1353.18
541.158	1353.18
541.294	1353.18
541.431	1353.18
541.568	1353.18
541.705	1353.18
541.842	1353.18
541.979	1353.18
542.116	1353.18
542.286	1353.18
542.422	1353.18
542.565	1353.18
542.702	1353.18
542.839	1353.18
542.976	1353.18
543.113	1353.18
543.250	1353.18
543.420	1353.18
543.556	1353.18
543.693	1353.18
543.830	1353.18
543.967	1353.18
544.104	1353.18
544.241	1353.18
544.378	1353.18
544.548	1353.18
544.688	1353.18
544.825	1353.18
544.962	1353.18
545.099	1353.18
545.236	1353.18
545.373	1353.18
545.510	1353.18
545.680	1353.18
545.816	1353.18
545.953	1353.18
546.090	1353.18
546.227	1353.18
546.364	1353.18
546.501	1353.18
546.638	1353.18
546.814	1353.18
546.951	1353.18
547.088	1353.18
547.225	1353.18
547.362	1353.18
547.499	1353.18
547.636	1353.18
547.773	1353.18
547.943	1353.18
548.079	1353.18
548.216	1353.18
548.353	1353.18
548.490	1353.18
548.627	1353.18
548.764	1353.18
548.905	1353.18
549.075	1353.18
549.211	1353.18
549.348	1353.18
549.485	1353.18
549.622	1353.18
549.759	1353.18
549.896	1353.18
550.033	1353.18
550.202	1353.18
550.339	1353.18
550.476	1353.18
550.613	1353.18
550.750	1353.18
550.887	1353.18
551.035	1353.18
551.204	1353.18
551.341	1353.18
551.478	1353.18
551.615	1353.18
551.752	1353.18
551.889	1353.18
552.026	1353.18
552.163	1353.18
552.332	1353.18
552.469	1353.18
552.606	1353.18
552.743	1353.18
552.880	1353.18
553.017	1353.18
553.158	1353.18
553.295	1353.18
553.464	1353.18
553.601	1353.18
553.738	1353.18
553.875	1353.18
554.012	1357.12
554.149	1353.18
554.286	1353.18
554.423	1353.18
554.592	1353.18
554.729	1353.18
554.866	1357.12
555.003	1353.18
555.140	1357.12
555.283	1353.18
555.416	1353.18
555.553	1353.18
555.724	1353.18
555.860	1353.18
555.997	1353.18
556.134	1353.18
556.271	1353.18
556.408	1353.18
556.545	1353.18
556.682	1353.18
556.853	1353.18
556.989	1353.18
557.126	1353.18
557.263	1353.18
557.404	1357.12
557.541	1353.18
557.678	1353.18
557.815	1353.18
557.984	1353.18
558.121	1353.18
558.258	1353.18
558.395	1353.18
558.532	1353.18
558.669	1353.18
558.806	1353.18
558.943	1353.18
559.112	1353.18
559.249	1353.18
559.386	1353.18
559.527	1353.18
559.665	1353.18
559.802	1353.18
559.939	1353.18
560.076	1353.18
560.246	1353.18
560.382	1353.18
560.519	1353.18
560.656	1353.18
560.793	1353.18
560.930	1353.18
561.067	1353.18
561.204	1353.18
561.375	1353.18
561.511	1353.18
561.652	1353.18
561.789	1353.18
561.926	1353.18
562.063	1353.18
562.200	1353.18
562.337	1353.18
562.508	1353.18
562.644	1353.18
562.781	1353.18
562.918	1353.18
563.055	1353.18
563.192	1353.18
563.329	1353.18
563.466	1353.18
563.636	1353.18
563.776	1353.18
563.914	1353.18
564.051	1353.18
564.188	1353.18
564.325	1353.18
564.462	1353.18
564.599	1353.18
564.769	1353.18
564.905	1353.18
565.042	1353.18
565.179	1353.18
565.316	1353.18
565.453	1353.18
565.590	1353.18
565.727	1353.18
565.901	1353.18
566.038	1353.18
566.175	1353.18
566.312	1353.18
566.449	1353.18
566.586	1353.18
566.723	1353.18
566.860	1353.18
567.030	1353.18
567.166	1353.18
567.303	1353.18
567.440	1353.18
567.577	1353.18
567.714	1353.18
567.851	1353.18
567.992	1353.18
568.163	1353.18
568.300	1353.18
568.437	1353.18
568.574	1353.18
568.711	1353.18
568.848	1353.18
568.985	1353.18
569.122	1353.18
569.292	1353.18
569.428	1353.18
569.565	1353.18
569.702	1353.18
569.839	1353.18
569.976	1353.18
570.117	1353.18
570.254	1353.18
570.424	1353.18
570.560	1353.18
570.697	1353.18
570.834	1353.18
570.971	1353.18
571.108	1353.18
571.245	1353.18
571.382	1353.18
571.551	1357.12
571.688	1353.18
571.825	1353.18
571.962	1353.18
572.099	1353.18
572.240	1353.18
572.378	1353.18
572.515	1353.18
572.686	1353.18
572.822	1353.18
572.959	1353.18
573.096	1353.18
573.233	1353.18
573.370	1353.18
573.507	1353.18
573.644	1353.18
573.815	1353.18
573.951	1353.18
574.088	1353.18
574.225	1353.18
574.366	1353.18
574.503	1353.18
574.640	1357.12
574.777	1353.18
574.948	1353.18
575.084	1353.18
575.221	1353.18
575.358	1353.18
575.495	1353.18
575.632	1357.12
575.769	1353.18
575.906	1353.18
576.077	1353.18
576.213	1353.18
576.350	1353.18
576.491	1353.18
576.629	1353.18
576.766	1353.18
576.903	1353.18
577.040	1353.18
577.209	1353.18
577.346	1353.18
577.483	1353.18
577.620	1353.18
577.757	1353.18
577.894	1353.18
578.031	1353.18
578.168	1353.18
578.338	1353.18
578.474	1353.18
578.615	1353.18
578.752	1353.18
578.889	1353.18
579.026	1353.18
579.163	1353.18
579.300	1353.18
579.470	1353.18
579.606	1353.18
579.743	1353.18
579.880	1353.18
580.017	1353.18
580.154	1353.18
580.291	1353.18
580.428	1353.18
580.598	1353.18
580.738	1353.18
580.876	1353.18
581.013	1353.18
581.150	1353.18
581.287	1353.18
581.424	1353.18
581.561	1353.18
581.730	1353.18
581.867	1353.18
582.004	1353.18
582.141	1353.18
582.278	1353.18
582.415	1353.18
582.552	1353.18
582.689	1353.18
582.863	1353.18
583.000	1353.18
583.137	1353.18
583.274	1353.18
583.411	1353.18
583.548	1353.18
583.685	1353.18
583.822	1353.18
583.991	1353.18
584.128	1353.18
584.265	1353.18
584.402	1353.18
584.539	1353.18
584.676	1353.18
584.813	1353.18
584.954	1353.18
585.125	1353.18
585.262	1353.18
585.399	1353.18
585.536	1353.18
585.673	1353.18
585.810	1353.18
585.947	1353.18
586.084	1353.18
586.254	1353.18
586.390	1353.18
586.527	1353.18
586.664	1353.18
586.801	1353.18
586.938	1353.18
587.079	1353.18
587.216	1353.18
587.385	1353.18
587.522	1353.18
587.659	1353.18
587.796	1353.18
587.933	1353.18
588.070	1353.18
588.207	1353.18
588.344	1353.18
588.514	1353.18
588.650	1353.18
588.787	1353.18
588.924	1353.18
589.061	1353.18
589.202	1353.18
589.340	1353.18
589.477	1353.18
589.647	1353.18
589.783	1353.18
589.920	1353.18
590.057	1353.18
590.194	1353.18
590.331	1353.18
590.468	1353.18
590.605	1353.18
590.775	1353.18
590.911	1353.18
591.048	1353.18
591.185	1353.18
591.326	1353.18
591.463	1353.18
591.600	1353.18
591.737	1353.18
591.906	1353.18
592.043	1353.18
592.180	1353.18
592.317	1353.18
592.454	1353.18
592.591	1353.18
592.728	1353.18
592.865	1353.18
593.035	1353.18
593.171	1353.18
593.308	1353.18
593.449	1353.18
593.586	1353.18
593.724	1353.18
593.861	1353.18
593.998	1353.18
594.168	1353.18
594.304	1353.18
594.441	1353.18
594.578	1353.18
594.715	1353.18
594.852	1353.18
594.989	1353.18
595.126	1353.18
595.296	1353.18
595.432	1353.18
595.573	1353.18
595.710	1353.18
595.847	1353.18
595.984	1353.18
596.121	1353.18
596.258	1353.18
596.428	1353.18
596.564	1353.18
596.701	1353.18
596.838	1353.18
596.975	1353.18
597.112	1353.18
597.249	1353.18
597.386	1353.18
597.556	1353.18
597.696	1353.18
597.833	1353.18
597.971	1353.18
598.108	1353.18
598.245	1353.18
598.382	1353.18
598.519	1353.18
598.689	1353.18
598.825	1353.18
598.962	1353.18
599.099	1353.18
599.236	1353.18
599.373	1353.18
599.510	1353.18
599.647	1353.18
599.821	1353.18
599.958	1353.18
600.095	1353.18
600.232	1353.18
600.369	1353.18
600.506	1353.18
600.643	1353.18
600.780	1353.18
600.950	1353.18
601.086	1353.18
601.223	1353.18
601.360	1353.18
601.497	1353.18
601.634	1353.18
601.771	1353.18
601.912	1353.18
602.081	1353.18
602.219	1353.18
602.356	1353.18
602.493	1353.18
602.630	1353.18
602.767	1353.18
602.904	1353.18
603.041	1353.18
603.210	1353.18
603.347	1353.18
603.484	1353.18
603.621	1353.18
603.758	1353.18
603.895	1353.18
604.036	1353.18
604.173	1353.18
604.342	1353.18
604.479	1353.18
604.616	1353.18
604.753	1353.18
604.890	1353.18
605.027	1353.18
605.164	1353.18
605.301	1353.18
605.471	1353.18
605.607	1353.18
605.744	1353.18
605.881	1353.18
606.018	1353.18
606.159	1353.18
606.296	1353.18
606.434	1353.18
606.603	1353.18
606.740	1353.18
606.877	1353.18
607.014	1353.18
607.151	1353.18
607.288	1353.18
607.425	1353.18
607.562	1353.18
607.731	1353.18
607.868	1353.18
608.005	1353.18
608.142	1353.18
608.283	1353.18
608.420	1353.18
608.557	1353.18
608.694	1353.18
608.864	1353.18
609.000	1353.18
609.137	1353.18
609.274	1353.18
609.411	1353.18
609.548	1353.18
609.685	1353.18
609.822	1353.18
609.992	1353.18
610.128	1353.18
610.265	1353.18
610.406	1353.18
610.543	1353.18
610.681	1353.18
610.818	1353.18
610.955	1353.18
611.124	1353.18
611.261	1353.18
611.398	1353.18
611.535	1353.18
611.672	1353.18
611.809	1353.18
611.946	1353.18
612.083	1353.18
612.252	1353.18
612.389	1353.18
612.530	1353.18
612.667	1353.18
612.804	1353.18
612.941	1353.18
613.078	1353.18
613.215	1353.18
613.384	1353.18
613.521	1353.18
613.658	1353.18
613.795	1353.18
613.932	1353.18
614.069	1353.18
614.206	1353.18
614.343	1353.18
614.512	1353.18
614.653	1353.18
614.790	1353.18
614.928	1353.18
615.065	1353.18
615.202	1353.18
615.339	1353.18
615.476	1353.18
615.645	1353.18
615.782	1353.18
615.919	1353.18
616.056	1353.18
616.193	1353.18
616.330	1353.18
616.467	1353.18
616.604	1353.18
616.778	1353.18
616.915	1353.18
617.052	1353.18
617.189	1353.18
617.326	1353.18
617.463	1353.18
617.600	1353.18
617.737	1353.18
617.906	1353.18
618.043	1353.18
618.180	1353.18
618.317	1353.18
618.454	1353.18
618.591	1353.18
618.728	1353.18
618.869	1353.18
619.038	1353.18
619.176	1353.18
619.313	1353.18
619.450	1353.18
619.587	1353.18
619.724	1353.18
619.861	1353.18
619.998	1353.18
620.167	1353.18
620.304	1353.18
620.441	1353.18
620.578	1353.18
620.715	1353.18
620.852	1353.18
620.993	1353.18
621.130	1353.18
621.299	1353.18
621.436	1353.18
621.573	1353.18
621.710	1353.18
621.847	1353.18
621.984	1353.18
622.121	1353.18
622.258	1353.18
622.427	1353.18
622.564	1353.18
622.701	1353.18
622.838	1353.18
622.975	1353.18
623.116	1353.18
623.253	1353.18
623.391	1353.18
623.560	1353.18
623.697	1353.18
623.834	1353.18
623.971	1353.18
624.108	1353.18
624.245	1353.18
624.382	1353.18
624.519	1353.18
624.688	1353.18
624.825	1353.18
624.962	1353.18
625.099	1353.18
625.240	1353.18
625.377	1353.18
625.514	1353.18
625.651	1353.18
625.820	1353.18
625.957	1353.18
626.094	1353.18
626.231	1353.18
626.368	1353.18
626.505	1353.18
626.642	1353.18
626.779	1353.18
626.948	1353.18
627.085	1353.18
627.222	1353.18
627.363	1353.18
627.500	1353.18
627.638	1353.18
627.771	1353.18
627.908	1353.18
628.077	1353.18
628.214	1353.18
628.351	1353.18
628.488	1353.18
628.625	1353.18
628.762	1353.18
628.899	1353.18
629.036	1353.18
629.205	1353.18
629.342	1353.18
629.483	1353.18
629.620	1353.18
629.757	1353.18
629.894	1353.18
630.031	1353.18
630.168	1353.18
630.337	1353.18
630.474	1353.18
630.611	1353.18
630.748	1353.18
630.885	1353.18
631.022	1353.18
631.159	1353.18
631.296	1353.18
631.465	1353.18
631.606	1353.18
631.743	1353.18
631.880	1353.18
632.018	1353.18
632.155	1353.18
632.292	1353.18
632.429	1353.18
632.598	1353.18
632.735	1353.18
632.872	1359.85
633.009	1353.18
633.146	1353.18
633.283	1353.18
633.420	1359.85
633.557	1359.85
633.732	1353.18
633.869	1353.18
634.006	1359.85
634.143	1353.18
634.280	1353.18
634.417	1353.18
634.554	1353.18
634.691	1353.18
634.861	1353.18
634.998	1359.85
635.135	1353.18
635.272	1353.18
635.409	1353.18
635.546	1353.18
635.683	1353.18
635.824	1353.18
635.995	1359.85
636.131	1353.18
636.269	1359.85
636.406	1353.18
636.543	1359.85
636.680	1353.18
636.817	1353.18
636.954	1353.18
637.123	1353.18
637.260	1359.85
637.397	1359.85
637.534	1353.18
637.671	1353.18
637.808	1353.18
637.949	1359.85
638.086	1353.18
638.257	1353.18
638.393	1359.85
638.530	1353.18
638.667	1353.18
638.804	1359.85
638.941	1359.85
639.078	1359.85
639.215	1359.85
639.386	1359.85
639.522	1353.18
639.659	1359.85
639.796	1359.85
639.933	1353.18
640.074	1353.18
640.211	1353.18
640.348	1353.18
640.520	1359.85
640.657	1359.85
640.794	1359.85
640.931	1353.18
641.068	1359.85
641.205	1359.85
641.342	1359.85
641.479	1359.85
641.649	1353.18
641.786	1359.85
641.923	1359.85
642.060	1359.85
642.201	1359.85
642.338	1359.85
642.475	1359.85
642.612	1359.85
642.783	1353.18
642.919	1359.85
643.056	1353.18
643.193	1359.85
643.330	1353.18
643.467	1359.85
643.604	1359.85
643.741	1359.85
643.912	1359.85
644.048	1359.85
644.185	1359.85
644.326	1359.85
644.463	1359.85
644.600	1359.85
644.738	1359.85
644.875	1359.85
645.046	1359.85
645.182	1359.85
645.319	1359.85
645.456	1359.85
645.593	1359.85
645.730	1359.85
645.867	1359.85
646.004	1359.85
646.175	1359.85
646.311	1359.85
646.452	1359.85
646.589	1359.85
646.726	1359.85
646.863	1359.85
647.000	1359.85
647.137	1353.18
647.307	1353.18
647.444	1359.85
647.581	1359.85
647.718	1359.85
647.855	1359.85
647.992	1359.85
648.129	1359.85
648.266	1359.85
648.436	1359.85
648.576	1359.85
648.713	1359.85
648.850	1359.85
648.988	1359.85
649.125	1359.85
649.262	1355.91
649.399	1359.85
649.568	1359.85
649.705	1359.85
649.842	1359.85
649.979	1359.85
650.116	1359.85
650.253	1359.85
650.390	1359.85
650.527	1359.85
650.701	1359.85
650.838	1359.85
650.975	1359.85
651.112	1359.85
651.249	1359.85
651.386	1359.85
651.523	1359.85
651.660	1359.85
651.829	1359.85
651.966	1359.85
652.103	1359.85
652.240	1359.85
652.377	1359.85
652.514	1359.85
652.651	1359.85
652.792	1359.85
652.962	1359.85
653.098	1359.85
653.236	1359.85
653.373	1359.85
653.510	1359.85
653.647	1359.85
653.784	1359.85
653.921	1359.85
654.091	1359.85
654.227	1359.85
654.364	1353.18
654.501	1359.85
654.638	1359.85
654.775	1359.85
654.916	1359.85
655.053	1359.85
655.223	1359.85
655.359	1359.85
655.496	1359.85
655.633	1359.85
655.770	1359.85
655.907	1359.85
656.044	1359.85
656.181	1359.85
656.351	1359.85
656.487	1359.85
656.624	1359.85
656.761	1359.85
656.898	1359.85
657.039	1359.85
657.176	1359.85
657.313	1359.85
657.484	1359.85
657.621	1359.85
657.758	1359.85
657.895	1359.85
658.032	1359.85
658.169	1359.85
658.306	1359.85
658.443	1359.85
658.613	1359.85
658.749	1359.85
658.886	1359.85
659.023	1359.85
659.164	1359.85
659.301	1355.91
659.438	1359.85
659.575	1359.85
659.744	1359.85
659.881	1355.91
660.018	1359.85
660.155	1359.85
660.292	1359.85
660.429	1359.85
660.566	1359.85
660.703	1355.91
660.874	1359.85
661.010	1359.85
661.147	1359.85
661.288	1359.85
661.425	1359.85
661.562	1359.85
661.700	1359.85
661.837	1355.91
662.007	1359.85
662.144	1359.85
662.281	1359.85
662.418	1359.85
662.555	1355.91
662.692	1355.91
662.829	1359.85
662.966	1355.91
663.136	1359.85
663.273	1359.85
663.414	1359.85
663.551	1359.85
663.688	1359.85
663.825	1355.91
663.962	1355.91
664.099	1359.85
664.270	1359.85
664.406	1359.85
664.543	1359.85
664.680	1359.85
664.817	1359.85
664.954	1359.85
665.091	1359.85
665.228	1355.91
665.399	1359.85
665.539	1359.85
665.676	1359.85
665.813	1355.91
665.950	1359.85
666.088	1359.85
666.225	1359.85
666.362	1359.85
666.533	1359.85
666.669	1355.91
666.806	1355.91
666.943	1355.91
667.080	1355.91
667.217	1355.91
667.354	1355.91
667.491	1355.91
667.666	1355.91
667.803	1355.91
667.940	1359.85
668.077	1359.85
668.214	1355.91
668.351	1355.91
668.488	1355.91
668.625	1359.85
668.796	1355.91
668.932	1359.85
669.069	1359.85
669.206	1355.91
669.343	1355.91
669.480	1355.91
669.617	1355.91
669.758	1359.85
669.929	1355.91
670.065	1355.91
670.202	1355.91
670.340	1359.85
670.477	1359.85
670.614	1355.91
670.751	1359.85
670.888	1359.85
671.058	1359.85
671.195	1359.85
671.332	1359.85
671.469	1359.85
671.606	1359.85
671.743	1359.85
671.884	1359.85
672.021	1359.85
672.191	1359.85
672.328	1359.85
672.465	1359.85
672.602	1355.91
672.739	1359.85
672.876	1359.85
673.013	1359.85
673.150	1359.85
673.320	1355.91
673.457	1359.85
673.594	1355.91
673.731	1355.91
673.868	1359.85
674.009	1359.85
674.146	1359.85
674.283	1359.85
674.453	1359.85
674.591	1355.91
674.728	1359.85
674.865	1355.91
675.002	1355.91
675.139	1359.85
675.276	1359.85
675.413	1355.91
675.583	1355.91
675.720	1359.85
675.857	1359.85
675.994	1359.85
676.135	1359.85
676.272	1359.85
676.409	1359.85
676.546	1355.91
676.716	1359.85
676.853	1355.91
676.990	1355.91
677.127	1355.91
677.264	1355.91
677.401	1355.91
677.538	1355.91
677.675	1355.91
677.845	1355.91
677.982	1355.91
678.119	1355.91
678.260	1359.85
678.397	1355.91
678.534	1355.91
678.671	1355.91
678.809	1355.91
678.979	1359.85
679.116	1355.91
679.253	1355.91
679.390	1355.91
679.527	1355.91
679.664	1355.91
679.801	1355.91
679.938	1355.91
680.108	1355.91
680.245	1355.91
680.386	1355.91
680.523	1355.91
680.660	1355.91
680.797	1355.91
680.934	1355.91
681.071	1355.91
681.241	1355.91
681.378	1355.91
681.515	1355.91
681.652	1355.91
681.789	1355.91
681.926	1355.91
682.063	1355.91
682.200	1355.91
682.370	1355.91
682.511	1355.91
682.648	1355.91
682.785	1355.91
682.922	1355.91
683.060	1355.91
683.197	1355.91
683.334	1355.91
683.504	1355.91
683.641	1355.91
683.778	1355.91
683.915	1355.91
684.052	1355.91
684.189	1355.91
684.326	1355.91
684.463	1355.91
684.637	1355.91
684.774	1355.91
684.911	1355.91
685.048	1355.91
685.185	1355.91
685.322	1355.91
685.459	1355.91
685.596	1355.91
685.765	1355.91
685.902	1355.91
686.039	1355.91
686.176	1355.91
686.313	1355.91
686.450	1355.91
686.587	1355.91
686.728	1355.91
686.897	1355.91
687.034	1355.91
687.171	1355.91
687.309	1355.91
687.446	1355.91
687.583	1355.91
687.720	1355.91
687.857	1355.91
688.026	1355.91
688.163	1355.91
688.300	1355.91
688.437	1355.91
688.574	1355.91
688.711	1355.91
688.852	1355.91
688.989	1355.91
689.158	1355.91
689.295	1355.91
689.432	1355.91
689.569	1355.91
689.706	1355.91
689.843	1355.91
689.980	1355.91
690.117	1355.91
690.286	1355.91
690.423	1355.91
690.560	1355.91
690.697	1355.91
690.834	1355.91
690.975	1355.91
691.112	1355.91
691.249	1355.91
691.418	1355.91
691.556	1355.91
691.693	1355.91
691.830	1355.91
691.967	1355.91
692.104	1355.91
692.241	1355.91
692.378	1355.91
692.547	1355.91
692.684	1355.91
692.821	1355.91
692.958	1355.91
693.099	1355.91
693.236	1355.91
693.373	1355.91
693.510	1355.91
693.679	1355.91
693.816	1355.91
693.953	1355.91
694.090	1359.85
694.227	1355.91
694.364	1355.91
694.501	1355.91
694.638	1355.91
694.807	1355.91
694.944	1355.91
695.081	1355.91
695.222	1355.91
695.359	1355.91
695.496	1355.91
695.633	1355.91
695.771	1355.91
695.940	1355.91
696.077	1355.91
696.214	1355.91
696.351	1355.91
696.488	1355.91
696.625	1355.91
696.762	1355.91
696.899	1355.91
697.068	1355.91
697.205	1355.91
697.346	1355.91
697.483	1355.91
697.620	1359.85
697.757	1355.91
697.894	1355.91
698.031	1355.91
698.200	1355.91
698.337	1355.91
698.474	1355.91
698.611	1355.91
698.748	1355.91
698.885	1355.91
699.022	1355.91
699.159	1355.91
699.328	1355.91
699.469	1355.91
699.606	1355.91
699.743	1355.91
699.880	1355.91
700.018	1355.91
700.151	1355.91
700.288	1355.91
700.457	1355.91
700.594	1355.91
700.731	1355.91
700.868	1355.91
701.005	1355.91
701.142	1355.91
701.279	1355.91
701.416	1355.91
701.590	1355.91
701.727	1355.91
701.864	1359.85
702.001	1355.91
702.138	1355.91
702.275	1355.91
702.412	1355.91
702.549	1355.91
702.718	1355.91
702.855	1355.91
702.992	1355.91
703.129	1355.91
703.266	1355.91
703.403	1355.91
703.540	1355.91
703.681	1355.91
703.850	1355.91
703.987	1355.91
704.124	1355.91
704.261	1355.91
704.399	1355.91
704.536	1359.85
704.673	1355.91
704.810	1349.24
704.980	1355.91
705.117	1355.91
705.254	1355.91
705.391	1355.91
705.528	1355.91
705.665	1355.91
705.806	1355.91
705.943	1355.91
706.113	1355.91
706.250	1355.91
706.387	1355.91
706.524	1355.91
706.661	1355.91
706.798	1355.91
706.935	1355.91
707.072	1355.91
707.242	1355.91
707.379	1355.91
707.516	1355.91
707.653	1355.91
707.790	1355.91
707.931	1355.91
708.068	1355.91
708.205	1355.91
708.375	1355.91
708.512	1355.91
708.650	1355.91
708.787	1355.91
708.924	1355.91
709.061	1355.91
709.198	1355.91
709.335	1355.91
709.505	1355.91
709.642	1355.91
709.779	1355.91
709.916	1355.91
710.057	1355.91
710.194	1355.91
710.331	1355.91
710.468	1355.91
710.637	1355.91
710.774	1355.91
710.911	1355.91
711.048	1355.91
711.185	1355.91
711.322	1355.91
711.459	1355.91
711.596	1355.91
711.765	1355.91
711.902	1355.91
712.039	1355.91
712.180	1355.91
712.317	1355.91
712.454	1355.91
712.591	1355.91
712.728	1355.91
712.899	1355.91
713.036	1355.91
713.173	1355.91
713.310	1355.91
713.447	1355.91
713.584	1355.91
713.721	1355.91
713.858	1355.91
714.027	1355.91
714.164	1355.91
714.305	1355.91
714.442	1355.91
714.579	1355.91
714.716	1355.91
714.853	1355.91
714.990	1355.91
715.159	1355.91
715.296	1355.91
715.433	1355.91
715.570	1355.91
715.707	1355.91
715.844	1355.91
715.981	1355.91
716.118	1355.91
716.287	1355.91
716.428	1355.91
716.565	1355.91
716.702	1355.91
716.839	1355.91
716.976	1355.91
717.114	1355.91
717.251	1355.91
717.420	1355.91
717.557	1355.91
717.694	1355.91
717.831	1355.91
717.968	1355.91
718.105	1355.91
718.242	1355.91
718.379	1355.91
718.553	1355.91
718.690	1355.91
718.827	1355.91
718.964	1355.91
719.101	1355.91
719.238	1355.91
719.375	1355.91
719.512	1355.91
719.681	1355.91
719.818	1355.91
719.955	1355.91
720.092	1355.91
720.229	1355.91
720.366	1355.91
720.503	1355.91
720.644	1355.91
720.814	1355.91
720.950	1355.91
721.087	1355.91
721.224	1355.91
721.363	1355.91
721.500	1355.91
721.637	1355.91
721.774	1355.91
721.943	1355.91
722.080	1355.91
722.217	1355.91
722.354	1355.91
722.491	1355.91
722.628	1355.91
722.769	1355.91
722.906	1355.91
723.075	1355.91
723.212	1355.91
723.349	1355.91
723.486	1355.91
723.623	1355.91
723.760	1355.91
723.897	1355.91
724.034	1355.91
724.203	1355.91
724.340	1355.91
724.477	1355.91
724.614	1355.91
724.751	1355.91
724.892	1355.91
725.029	1355.91
725.166	1355.91
725.335	1355.91
725.472	1355.91
725.610	1355.91
725.747	1355.91
725.884	1355.91
726.021	1355.91
726.158	1355.91
726.295	1355.91
726.464	1355.91
726.601	1355.91
726.738	1355.91
726.875	1359.85
727.016	1355.91
727.153	1355.91
727.290	1355.91
727.427	1355.91
727.597	1355.91
727.734	1355.91
727.871	1355.91
728.008	1355.91
728.145	1355.91
728.282	1355.91
728.419	1355.91
728.556	1355.91
728.727	1355.91
728.863	1355.91
729.000	1355.91
729.141	1359.85
729.278	1355.91
729.415	1355.91
729.552	1355.91
729.689	1355.91
729.860	1355.91
729.997	1355.91
730.134	1355.91
730.271	1355.91
730.408	1355.91
730.545	1355.91
730.682	1355.91
730.819	1355.91
730.988	1355.91
731.125	1355.91
731.266	1355.91
731.403	1355.91
731.540	1355.91
731.677	1355.91
731.814	1355.91
731.951	1355.91
732.120	1355.91
732.257	1355.91
732.394	1355.91
732.531	1355.91
732.668	1355.91
732.805	1355.91
732.942	1355.91
733.079	1355.91
733.249	1355.91
733.390	1355.91
733.527	1355.91
733.664	1355.91
733.801	1355.91
733.938	1355.91
734.076	1355.91
734.213	1355.91
734.383	1355.91
734.520	1355.91
734.657	1355.91
734.794	1355.91
734.931	1355.91
735.068	1355.91
735.205	1355.91
735.342	1355.91
735.516	1355.91
735.653	1355.91
735.790	1355.91
735.927	1355.91
736.064	1355.91
736.201	1355.91
736.338	1355.91
736.475	1355.91
736.644	1355.91
736.781	1355.91
736.918	1355.91
737.055	1355.91
737.192	1359.85
737.329	1355.91
737.466	1355.91
737.607	1355.91
737.776	1355.91
737.913	1355.91
738.050	1355.91
738.187	1355.91
738.324	1355.91
738.462	1355.91
738.599	1355.91
738.736	1355.91
738.905	1355.91
739.042	1355.91
739.179	1355.91
739.316	1355.91
739.453	1355.91
739.590	1355.91
739.731	1355.91
739.868	1355.91
740.037	1355.91
740.174	1355.91
740.311	1355.91
740.448	1355.91
740.585	1355.91
740.722	1355.91
740.859	1355.91
740.996	1355.91
741.165	1355.91
741.302	1355.91
741.439	1355.91
741.576	1355.91
741.713	1355.91
741.854	1355.91
741.991	1355.91
742.128	1359.85
742.296	1359.85
742.518	1355.91
742.652	1355.91
742.790	1355.91
742.927	1355.91
743.064	1355.91
743.201	1355.91
743.371	1355.91
743.508	1355.91
743.645	1355.91
743.782	1355.91
743.923	1355.91
744.060	1355.91
744.197	1355.91
744.334	1355.91
744.504	1355.91
744.641	1355.91
744.778	1355.91
744.915	1355.91
745.052	1355.91
745.189	1355.91
745.326	1355.91
745.463	1355.91
745.634	1355.91
745.770	1355.91
745.907	1355.91
746.048	1355.91
746.185	1355.91
746.322	1355.91
746.459	1355.91
746.596	1355.91
746.767	1355.91
746.903	1355.91
747.041	1355.91
747.178	1355.91
747.315	1355.91
747.452	1355.91
747.589	1355.91
747.726	1355.91
747.896	1355.91
748.033	1355.91
748.174	1355.91
748.311	1355.91
748.448	1355.91
748.585	1355.91
748.722	1355.91
748.859	1355.91
749.028	1355.91
749.165	1355.91
749.302	1355.91
749.439	1355.91
749.576	1355.91
749.713	1355.91
749.850	1355.91
749.987	1355.91
750.156	1355.91
750.297	1355.91
750.434	1355.91
750.571	1355.91
750.708	1355.91
750.845	1355.91
750.982	1355.91
751.119	1355.91
751.290	1355.91
751.427	1355.91
751.564	1355.91
751.701	1355.91
751.838	1355.91
751.975	1355.91
752.112	1355.91
752.249	1355.91
752.423	1355.91
752.560	1355.91
752.697	1355.91
752.834	1355.91
752.971	1355.91
753.108	1355.91
753.245	1355.91
753.382	1355.91
753.551	1355.91
753.688	1355.91
753.825	1355.91
753.962	1355.91
754.099	1355.91
754.236	1355.91
754.373	1355.91
754.514	1355.91
754.683	1355.91
754.820	1355.91
754.957	1355.91
755.094	1355.91
755.231	1355.91
755.368	1355.91
755.506	1355.91
755.643	1355.91
755.812	1355.91
755.949	1355.91
756.086	1355.91
756.223	1355.91
756.360	1355.91
756.497	1355.91
756.638	1355.91
756.775	1355.91
756.944	1355.91
757.081	1355.91
757.218	1355.91
757.355	1355.91
757.492	1355.91
757.629	1355.91
757.766	1355.91
757.903	1355.91
758.072	1355.91
758.209	1355.91
758.346	1355.91
758.483	1355.91
758.620	1355.91
758.761	1355.91
758.898	1355.91
759.035	1355.91
759.204	1355.91
759.341	1355.91
759.478	1355.91
759.615	1355.91
759.753	1355.91
759.890	1355.91
760.027	1355.91
760.164	1355.91
760.333	1355.91
760.470	1355.91
760.607	1355.91
760.744	1355.91
760.885	1355.91
761.022	1355.91
761.159	1355.91
761.296	1355.91
761.465	1355.91
761.602	1355.91
761.739	1355.91
761.876	1355.91
762.013	1355.91
762.150	1355.91
762.287	1355.91
762.424	1355.91
762.593	1355.91
762.730	1355.91
762.867	1355.91
763.008	1355.91
763.145	1355.91
763.282	1355.91
763.419	1355.91
763.556	1355.91
763.725	1355.91
763.862	1355.91
764.000	1355.91
764.137	1355.91
764.274	1355.91
764.411	1355.91
764.548	1355.91
764.685	1355.91
764.854	1355.91
764.991	1355.91
765.132	1355.91
765.269	1355.91
765.406	1355.91
765.543	1355.91
765.680	1355.91
765.817	1355.91
765.986	1355.91
766.123	1355.91
766.260	1355.91
766.397	1355.91
766.534	1355.91
766.671	1355.91
766.808	1355.91
766.945	1355.91
767.114	1355.91
767.255	1355.91
767.392	1355.91
767.529	1355.91
767.666	1355.91
767.803	1355.91
767.940	1355.91
768.077	1355.91
768.248	1355.91
768.385	1355.91
768.522	1355.91
768.659	1355.91
768.796	1355.91
768.933	1355.91
769.070	1355.91
769.207	1355.91
769.381	1355.91
769.518	1355.91
769.655	1355.91
769.792	1355.91
769.929	1355.91
770.066	1355.91
770.203	1355.91
770.340	1355.91
770.509	1355.91
770.646	1355.91
770.783	1355.91
770.920	1355.91
771.057	1355.91
771.194	1355.91
771.331	1355.91
771.472	1355.91
771.641	1355.91
771.778	1355.91
771.915	1355.91
772.052	1355.91
772.189	1355.91
772.326	1355.91
772.464	1355.91
772.597	1355.91
772.766	1355.91
772.903	1355.91
773.040	1355.91
773.177	1355.91
773.314	1355.91
773.451	1355.91
773.592	1355.91
773.729	1355.91
773.898	1355.91
774.035	1355.91
774.172	1355.91
774.309	1355.91
774.446	1355.91
774.583	1355.91
774.720	1355.91
774.857	1355.91
775.026	1355.91
775.163	1355.91
775.300	1355.91
775.437	1355.91
775.574	1355.91
775.715	1355.91
775.852	1355.91
775.989	1355.91
776.158	1355.91
776.295	1355.91
776.432	1355.91
776.569	1355.91
776.706	1355.91
776.844	1355.91
776.981	1355.91
777.118	1355.91
777.287	1355.91
777.424	1355.91
777.561	1355.91
777.698	1355.91
777.839	1355.91
777.976	1355.91
778.113	1355.91
778.250	1355.91
778.419	1355.91
778.556	1355.91
778.693	1355.91
778.830	1355.91
778.967	1355.91
779.104	1355.91
779.241	1355.91
779.378	1355.91
779.547	1355.91
779.684	1355.91
779.821	1355.91
779.962	1355.91
780.099	1355.91
780.236	1355.91
780.373	1355.91
780.510	1355.91
780.679	1355.91
780.816	1355.91
780.953	1355.91
781.091	1355.91
781.228	1355.91
781.365	1355.91
781.502	1355.91
781.639	1355.91
781.808	1355.91
781.945	1355.91
782.086	1355.91
782.223	1355.91
782.360	1355.91
782.497	1355.91
782.634	1355.91
782.771	1355.91
782.940	1355.91
783.077	1355.91
783.214	1355.91
783.351	1355.91
783.488	1355.91
783.625	1355.91
783.762	1355.91
783.899	1355.91
784.068	1355.91
784.209	1355.91
784.346	1355.91
784.483	1355.91
784.620	1355.91
784.757	1355.91
784.894	1355.91
785.031	1355.91
785.200	1355.91
785.338	1355.91
785.475	1355.91
785.612	1355.91
785.749	1355.91
785.886	1355.91
786.023	1355.91
786.160	1355.91
786.334	1355.91
786.471	1355.91
786.608	1355.91
786.745	1355.91
786.882	1355.91
787.019	1355.91
787.156	1355.91
787.293	1355.91
787.462	1355.91
787.599	1355.91
787.736	1355.91
787.873	1355.91
788.010	1355.91
788.147	1355.91
788.284	1355.91
788.425	1355.91
788.594	1355.91
788.731	1355.91
788.868	1355.91
789.005	1355.91
789.142	1355.91
789.279	1355.91
789.416	1355.91
789.554	1355.91
789.723	1355.91
789.860	1355.91
789.997	1355.91
790.134	1355.91
790.271	1355.91
790.408	1355.91
790.549	1355.91
790.686	1355.91
790.855	1355.91
790.992	1355.91
791.129	1355.91
791.266	1355.91
791.403	1355.91
791.540	1355.91
791.677	1355.91
791.814	1355.91
791.983	1355.91
792.120	1355.91
792.257	1355.91
792.394	1355.91
792.531	1355.91
792.672	1355.91
792.809	1355.91
792.946	1355.91
793.115	1355.91
793.252	1355.91
793.389	1355.91
793.526	1355.91
793.663	1355.91
793.801	1355.91
793.938	1355.91
794.075	1355.91
794.244	1355.91
794.381	1355.91
794.518	1355.91
794.655	1355.91
794.796	1355.91
794.933	1355.91
795.070	1355.91
795.207	1355.91
795.376	1355.91
795.513	1355.91
795.650	1355.91
795.787	1355.91
795.924	1355.91
796.061	1355.91
796.198	1355.91
796.335	1355.91
796.504	1355.91
796.641	1355.91
796.778	1355.91
796.919	1355.91
797.056	1355.91
797.193	1355.91
797.330	1355.91
797.467	1355.91
797.636	1355.91
797.773	1355.91
797.910	1355.91
798.048	1355.91
798.185	1355.91
798.322	1355.91
798.459	1355.91
798.596	1355.91
798.765	1355.91
798.902	1355.91
799.043	1355.91
799.180	1355.91
799.317	1355.91
799.454	1355.91
799.591	1355.91
799.728	1355.91
799.897	1355.91
800.034	1355.91
800.171	1355.91
800.308	1355.91
800.445	1355.91
800.582	1355.91
800.719	1355.91
800.856	1355.91
801.025	1355.91
801.166	1355.91
801.303	1355.91
801.440	1355.91
801.577	1355.91
801.714	1355.91
801.851	1355.91
801.988	1355.91
802.157	1355.91
802.295	1355.91
802.432	1355.91
802.569	1355.91
802.706	1355.91
802.843	1355.91
802.980	1355.91
803.117	1355.91
803.291	1355.91
803.428	1355.91
803.565	1355.91
803.702	1355.91
803.839	1355.91
803.976	1355.91
804.113	1355.91
804.250	1355.91
804.419	1355.91
804.556	1355.91
804.693	1355.91
804.830	1355.91
804.967	1355.91
805.104	1355.91
805.241	1355.91
805.382	1355.91
805.551	1355.91
805.688	1355.91
805.825	1355.91
805.962	1355.91
806.099	1355.91
806.236	1355.91
806.373	1355.91
806.511	1355.91
806.680	1355.91
806.817	1355.91
806.954	1355.91
807.091	1355.91
807.228	1355.91
807.365	1355.91
807.506	1355.91
807.643	1355.91
807.812	1355.91
807.949	1355.91
808.086	1355.91
808.223	1355.91
808.360	1355.91
808.497	1355.91
808.634	1355.91
808.771	1355.91
808.940	1355.91
809.077	1355.91
809.214	1355.91
809.351	1355.91
809.488	1355.91
809.629	1355.91
809.766	1355.91
809.903	1355.91
810.072	1355.91
810.209	1355.91
810.346	1355.91
810.483	1355.91
810.620	1355.91
810.757	1355.91
810.895	1355.91
811.032	1355.91
811.201	1355.91
811.338	1355.91
811.475	1355.91
811.612	1355.91
811.753	1355.91
811.890	1355.91
812.027	1355.91
812.164	1355.91
812.333	1355.91
812.470	1355.91
812.607	1355.91
812.744	1355.91
812.881	1355.91
813.018	1355.91
813.155	1355.91
813.292	1355.91
813.461	1355.91
13.654	1355.91
814.670	1355.91
815.647	1355.91
816.591	1355.91
817.573	1355.91
818.517	1355.91
819.495	1355.91
820.444	1355.91
821.421	1355.91
822.365	1355.91
823.347	1355.91
824.419	1355.91
825.401	1355.91
826.345	1355.91
827.323	1355.91
828.272	1355.91
829.249	1355.91
830.193	1355.91
831.175	1355.91
832.119	1355.91
833.097	1355.91
834.046	1355.91
835.023	1355.91
835.967	1355.91
836.949	1355.91
837.893	1355.91
838.871	1355.91
839.820	1355.91
840.797	1355.91
841.741	1355.91
842.723	1355.91
843.667	1355.91
844.645	1355.91
845.594	1355.91
846.571	1355.91
847.515	1355.91
848.497	1355.91
849.441	1355.91
850.419	1355.91
851.368	1355.91
852.345	1355.91
853.289	1355.91
854.271	1355.91
855.215	1355.91
856.193	1355.91
857.142	1355.91
858.119	1355.91
859.063	1355.91
860.045	1355.91
860.989	1355.91
861.967	1355.91
862.916	1355.91
863.893	1355.91
864.837	1355.91
865.819	1355.91
866.763	1355.91
867.741	1355.91
868.690	1355.91
869.667	1355.91
870.611	1355.91
871.593	1355.91
872.537	1355.91
873.515	1355.91
874.464	1355.91
875.441	1355.91
876.385	1355.91
877.367	1355.91
878.311	1355.91
879.289	1355.91
880.238	1355.91
881.215	1355.91
882.159	1355.91
883.141	1355.91
884.085	1355.91
885.063	1355.91
886.012	1355.91
886.989	1355.91
887.933	1355.91
888.915	1355.91
889.859	1355.91
890.837	1355.91
891.786	1355.91
892.763	1355.91
893.707	1355.91
894.689	1355.91
895.633	1355.91
896.611	1355.91
897.560	1355.91
898.537	1355.91
899.481	1355.91
900.463	1355.91
