../../../../test_data/paper_data/noir2/noir2005.txt
r_init, x_init, r_fit, x_fit, r_sq, adj_r_sq, mse, rmse, mae
[1e-08, 1e-08, 7.500000000000001e-09, 7.500000000000001e-09, -64.52068256873793, -64.5514362334029, 0.00939188749521397, 0.09691175106876343, 0.09616935666975278]
[5.264105263157895e-05, 1e-08, 2.7359218883018095e-09, 5.263379094110696e-05, -64.52068256873793, -64.5514362334029, 0.00939188749521397, 0.09691175106876343, 0.09616935666975278]
[0.0001052721052631579, 1e-08, 6.3685695002157534e-09, 0.00010526847442947663, -64.52068256873793, -64.5514362334029, 0.00939188749521397, 0.09691175106876343, 0.09616935666975278]
[0.00015790315789473685, 1e-08, 5.373625566383893e-05, 6.225920347122667e-05, 0.9900267611555731, 0.990022079982682, 1.429587322926441e-06, 0.001195653512906829, 0.0006969761448771379]
[0.0002105342105263158, 1e-08, 5.401847136140442e-05, 6.161079662891258e-05, 0.990026564265997, 0.9900218830006912, 1.4296155455376063e-06, 0.0011956653150182145, 0.0006969852089292261]
[0.0002631652631578947, 1e-08, 4.062043900340017e-05, 0.00010895804727733967, 0.9900347712750217, 0.9900300938618676, 1.4284391337175503e-06, 0.0011951732651450794, 0.0006968076563491621]
[0.0003157963157894737, 1e-08, 5.384868016865956e-05, 6.199955076894417e-05, 0.9900266828276778, 0.9900220016180217, 1.4295985506296875e-06, 0.00119565820811371, 0.0006969783997796882]
[0.0003684273684210527, 1e-08, 5.402396387100508e-05, 6.159856802177063e-05, 0.9900265604406285, 0.9900218791735272, 1.42961609387485e-06, 0.001195665544320338, 0.0006969884406260693]
[0.0004210584210526316, 1e-08, 5.417541851284169e-05, 6.125401394321002e-05, 0.9900264542341811, 0.9900217729172294, 1.4296313177547928e-06, 0.0011956719105819928, 0.0006969842947788815]
[0.0004736894736842105, 1e-08, 5.407289459607176e-05, 6.148678252146912e-05, 0.9900265261581214, 0.9900218448749287, 1.4296210080094112e-06, 0.0011956675992973178, 0.0006969854864928432]
[0.0005263205263157895, 1e-08, 5.414322679446354e-05, 6.132756476778815e-05, 0.99002647688673, 0.9900217955804107, 1.4296280706856022e-06, 0.0011956705527383378, 0.0006969910769021722]
[0.0005789515789473685, 1e-08, 5.384919623333063e-05, 6.199891995479925e-05, 0.9900266825415401, 0.9900220013317498, 1.4295985916453353e-06, 0.0011956582252656213, 0.000696984242527282]
[0.0006315826315789475, 1e-08, 5.396690928479864e-05, 6.172822168237305e-05, 0.9900266002736182, 0.9900219190252134, 1.4296103841211785e-06, 0.0011956631566294826, 0.000696980577656477]
[0.0006842136842105264, 1e-08, 5.405069250836659e-05, 6.15370992991049e-05, 0.9900265416758847, 0.9900218603999756, 1.4296187836570135e-06, 0.0011956666691252263, 0.0006969829499876344]
[0.0007368447368421054, 1e-08, 5.366875866950167e-05, 6.241679728327816e-05, 0.9900268081956516, 0.9900221270448398, 1.4295805800918555e-06, 0.0011956506931758352, 0.0006969843565706363]
[0.0007894757894736843, 1e-08, 5.419956033019832e-05, 6.120051731513112e-05, 0.9900264373361887, 0.9900217560113054, 1.429633739952454e-06, 0.0011956729234838656, 0.0006969959135785109]
[0.0008421068421052633, 1e-08, 5.4067129165341504e-05, 6.149997448718405e-05, 0.9900265302047347, 0.9900218489234415, 1.4296204279584099e-06, 0.00119566735673364, 0.0006969862169008482]
[0.0008947378947368422, 1e-08, 5.38530589832403e-05, 6.198937956418162e-05, 0.9900266797534035, 0.9900219985423044, 1.429598991303327e-06, 0.0011956583923944694, 0.0006969775362823698]
[0.0009473689473684211, 1e-08, 5.4170336458940276e-05, 6.126652453235545e-05, 0.9900264578530442, 0.990021776537791, 1.429630799018522e-06, 0.0011956716936594768, 0.0006969949807193877]
[0.001, 1e-08, 5.402105638456579e-05, 6.160454443466178e-05, 0.9900265624028338, 0.9900218811366535, 1.429615812607763e-06, 0.0011956654267008657, 0.0006969815019507767]
[1e-08, 5.272631578947369e-06, 5.384898028636054e-05, 6.19990319685166e-05, 0.9900266826503229, 0.9900220014405835, 1.4295985760521605e-06, 0.001195658218744872, 0.0006969802075543746]
[5.264105263157895e-05, 5.272631578947369e-06, 5.419799205615699e-05, 6.120296042415403e-05, 0.9900264383810504, 0.9900217570566576, 1.429633590179529e-06, 0.0011956728608526368, 0.0006969842410667397]
[0.0001052721052631579, 5.272631578947369e-06, 5.4042531098556045e-05, 6.155554140776742e-05, 0.9900265473610523, 0.9900218660878118, 1.4296179687318223e-06, 0.001195666328342411, 0.0006969812825969273]
[0.00015790315789473685, 5.272631578947369e-06, 5.352857533936831e-05, 6.274365278288255e-05, 0.9900269055001187, 0.9900222243949791, 1.429566632242521e-06, 0.0011956448604173904, 0.0006969770242614255]
[0.0002105342105263158, 5.272631578947369e-06, 5.362679513193447e-05, 6.251353086682991e-05, 0.9900268372477277, 0.9900221561105522, 1.4295764156994946e-06, 0.0011956489516992412, 0.0006969734306554244]
[0.0002631652631578947, 5.272631578947369e-06, 5.390945485544142e-05, 6.185970490348951e-05, 0.9900266403805512, 0.9900219591509716, 1.4296046350998375e-06, 0.0011956607525129516, 0.000696977961591089]
[0.0003157963157894737, 5.272631578947369e-06, 5.4033050873408116e-05, 6.157712706712608e-05, 0.9900265539935796, 0.9900218727234522, 1.4296170180098823e-06, 0.001195665930772422, 0.0006969809578758158]
[0.0003684273684210527, 5.272631578947369e-06, 5.410755822077278e-05, 6.140819373635341e-05, 0.990026501886105, 0.9900218205915197, 1.4296244872168614e-06, 0.0011956690542189597, 0.0006969878202361949]
[0.0004210584210526316, 5.272631578947369e-06, 5.400744042637315e-05, 6.163596868673508e-05, 0.990026571984199, 0.9900218907225159, 1.429614439192531e-06, 0.0011956648523698148, 0.0006969850493740997]
[0.0004736894736842105, 5.272631578947369e-06, 5.417865769301626e-05, 6.124664565867768e-05, 0.9900264519519851, 0.9900217706339621, 1.4296316448900983e-06, 0.0011956720473817635, 0.0006969838796239683]
[0.0005263205263157895, 5.272631578947369e-06, 5.421678804231356e-05, 6.116072671372569e-05, 0.9900264252173597, 0.9900217438867882, 1.4296354770936716e-06, 0.0011956736499119111, 0.0006969866112295892]
[0.0005789515789473685, 5.272631578947369e-06, 5.413329699753159e-05, 6.134979736865701e-05, 0.9900264838402845, 0.9900218025372289, 1.4296270739468705e-06, 0.001195670135926657, 0.0006969880789112728]
[0.0006315826315789475, 5.272631578947369e-06, 5.3883096175126937e-05, 6.19203687974591e-05, 0.9900266588122243, 0.990021977591296, 1.4296019930608133e-06, 0.0011956596476676853, 0.0006969788772604855]
[0.0006842136842105264, 5.272631578947369e-06, 5.4112975898817547e-05, 6.13959737697769e-05, 0.9900264980932604, 0.9900218167968948, 1.4296250308920627e-06, 0.0011956692815708124, 0.0006969887056290569]
[0.0007368447368421054, 5.272631578947369e-06, 5.4043139221977924e-05, 6.15544924538736e-05, 0.9900265469926309, 0.9900218657192175, 1.4296180215421969e-06, 0.001195666350426488, 0.0006969848377191826]
[0.0007894757894736843, 5.272631578947369e-06, 5.4073342034778594e-05, 6.148538260421009e-05, 0.9900265257787115, 0.9900218444953408, 1.4296210623949045e-06, 0.0011956676220400487, 0.000696981458917481]
[0.0008421068421052633, 5.272631578947369e-06, 5.4000397587773723e-05, 6.165204816316306e-05, 0.9900265769111509, 0.9900218956517804, 1.4296137329517521e-06, 0.001195664557035857, 0.0006969849474342332]
[0.0008947378947368422, 5.272631578947369e-06, 2.818552210111448e-05, 0.00022630577611019732, 0.9900403029769576, 0.990035628160237, 1.4276462066569475e-06, 0.0011948414985498903, 0.0006966799984156725]
[0.0009473689473684211, 5.272631578947369e-06, 2.739145614349532e-05, 0.00023961773180509864, 0.9900405881189608, 0.9900359134360783, 1.4276053337369846e-06, 0.0011948243945187028, 0.000696675551408029]
[0.001, 5.272631578947369e-06, 2.6660933168343937e-05, 0.0002529296875, 0.9900408432233034, 0.9900361686601602, 1.4275687664853625e-06, 0.0011948090920667462, 0.0006966716719001748]
[1e-08, 1.0535263157894739e-05, 5.408551782159121e-05, 6.145758323000583e-05, 0.9900265172201084, 0.9900218359327205, 1.4296222892050458e-06, 0.0011956681350630057, 0.0006969803963812145]
[5.264105263157895e-05, 1.0535263157894739e-05, 5.39916256457257e-05, 6.167183583844694e-05, 0.990026583013052, 0.9900219017565456, 1.4296128582910023e-06, 0.0011956641912723666, 0.0006969822081739751]
[0.0001052721052631579, 1.0535263157894739e-05, 5.4015032472655265e-05, 6.161837335500417e-05, 0.9900265666346257, 0.9900218853704317, 1.4296152060128388e-06, 0.001195665173036682, 0.0006969823267873007]
[0.00015790315789473685, 1.0535263157894739e-05, 5.410872560762856e-05, 6.14050261549583e-05, 0.9900265009929207, 0.9900218196979161, 1.4296246152479825e-06, 0.0011956691077584895, 0.0006969823672057978]
[0.0002105342105263158, 1.0535263157894739e-05, 5.3608492991964396e-05, 6.255621716803916e-05, 0.9900268499575582, 0.9900221688263484, 1.429574593842726e-06, 0.0011956481898295695, 0.0006969730798949284]
[0.0002631652631578947, 1.0535263157894739e-05, 5.1920090083697837e-05, 6.669086458051699e-05, 0.9900280038012701, 0.9900233232116439, 1.4294091991932123e-06, 0.001195579022563215, 0.0006969459223597665]
[0.0003157963157894737, 1.0535263157894739e-05, 4.737375248640432e-05, 8.010556330463325e-05, 0.9900309262908152, 0.9900262470729277, 1.4289902827238175e-06, 0.0011954038157559216, 0.0006968804191567266]
[0.0003684273684210527, 1.0535263157894739e-05, 4.385977778765599e-05, 9.345606342516447e-05, 0.9900330009690121, 0.9900283227249235, 1.4286928935109761e-06, 0.0011952794206841245, 0.0006968359709202867]
[0.0004210584210526316, 1.0535263157894739e-05, 4.1027233905787675e-05, 0.0001068065672543174, 0.990034556513738, 0.9900298789997806, 1.4284699181009959e-06, 0.0011951861437035638, 0.0006968034570085836]
[0.0004736894736842105, 1.0535263157894739e-05, 3.87367512095429e-05, 0.00011981013055098682, 0.9900357381520021, 0.9900310611926743, 1.4283005393155199e-06, 0.0011951152828558087, 0.0006967726557965215]
[0.0005263205263157895, 1.0535263157894739e-05, 3.674901875779513e-05, 0.0001331220862458882, 0.990036708476451, 0.9900320319725676, 1.4281614507453071e-06, 0.001195057090998295, 0.0006967529530344614]
[0.0005789515789473685, 1.0535263157894739e-05, 3.503890659471053e-05, 0.00014643404194078947, 0.9900375022553295, 0.9900328261240248, 1.4280476686290283e-06, 0.00119500948474438, 0.0006967370755386947]
[0.0006315826315789475, 1.0535263157894739e-05, 2.3721780704451192e-05, 0.0003194919952713816, 0.99004179979137, 0.9900371256772144, 1.4274316497870884e-06, 0.0011947517105185866, 0.0006966558640223767]
[0.0006842136842105264, 1.0535263157894739e-05, 2.279123016096403e-05, 0.00034611590666118426, 0.9900420792318968, 0.990037405248903, 1.427391594130052e-06, 0.001194734947228904, 0.0006966532647721961]
[0.0007368447368421054, 1.0535263157894739e-05, 2.196224916805051e-05, 0.0003727398180509869, 0.9900423187004986, 0.9900376448299051, 1.4273572681420035e-06, 0.001194720581618147, 0.000696651260741363]
[0.0007894757894736843, 1.0535263157894739e-05, 2.1217611078431336e-05, 0.0003993637294407894, 0.9900425261919764, 0.9900378524187738, 1.427327525829511e-06, 0.0011947081341606037, 0.0006966497562969656]
[0.0008421068421052633, 1.0535263157894739e-05, 2.0543920354935245e-05, 0.0004259876408305923, 0.9900427077014029, 0.9900380340133961, 1.4273015078448605e-06, 0.0011946972452654525, 0.0006966486744946991]
[0.0008947378947368422, 1.0535263157894739e-05, 1.9930582440383426e-05, 0.00045261155222039474, 0.9900428678125535, 0.9900381941996985, 1.4272785571390078e-06, 0.0011946876399875441, 0.0006966479537445191]
[0.0009473689473684211, 1.0535263157894739e-05, 1.9369093090995545e-05, 0.0004792354636101974, 0.9900430100902167, 0.9900383365441431, 1.4272581627268408e-06, 0.001194679104499129, 0.0006966475432872041]
[0.001, 1.0535263157894739e-05, 1.885253639549341e-05, 0.000505859375, 0.9900431373482506, 0.9900384638619085, 1.427239921263378e-06, 0.0011946714700131489, 0.0006966474031035656]
[1e-08, 1.579789473684211e-05, 5.400480013975621e-05, 6.164150533694735e-05, 0.9900265737476543, 0.990021892486799, 1.4296141864147264e-06, 0.0011956647466638492, 0.0006969798468538356]
[5.264105263157895e-05, 1.579789473684211e-05, 5.3716031768418115e-05, 6.230598895686778e-05, 0.990026775205698, 0.9900220940394018, 1.4295853089487552e-06, 0.0011956526706986253, 0.0006969747380222674]
[0.0001052721052631579, 1.579789473684211e-05, 5.399803566823243e-05, 6.165717298005755e-05, 0.9900265785258645, 0.9900218972672519, 1.4296135014949324e-06, 0.0011956644602458219, 0.0006969820817472642]
[0.00015790315789473685, 1.579789473684211e-05, 5.350310668688806e-05, 6.280337989699193e-05, 0.9900269231523882, 0.9900222420555341, 1.4295641019250455e-06, 0.0011956438022776873, 0.0006969763937318413]
[0.0002105342105263158, 1.579789473684211e-05, 5.3999312017673637e-05, 6.165424451326065e-05, 0.9900265776306099, 0.990021896371577, 1.4296136298228271e-06, 0.0011956645139096615, 0.0006969819570781655]
[0.0002631652631578947, 1.579789473684211e-05, 4.2464865893653185e-05, 9.969890066046465e-05, 0.9900337799258919, 0.9900291020474249, 1.4285812360145724e-06, 0.0011952327120751725, 0.0006968323786666883]
[0.0003157963157894737, 1.579789473684211e-05, 3.354694409730713e-05, 0.0001597485269325658, 0.9900381638025015, 0.9900334879817094, 1.4279528409140273e-06, 0.0011949698075324026, 0.0006967214201052099]
[0.0003684273684210527, 1.579789473684211e-05, 3.105862776212057e-05, 0.00018637243832236844, 0.9900392029301336, 0.9900345275970803, 1.4278038899350303e-06, 0.0011949074817470305, 0.0006967027687043802]
[0.0004210584210526316, 1.579789473684211e-05, 2.9052829987664428e-05, 0.00021299634971217105, 0.9900399821170047, 0.9900353071496811, 1.4276921994711185e-06, 0.0011948607448029743, 0.0006966891833832709]
[0.0004736894736842105, 1.579789473684211e-05, 2.7391385027682428e-05, 0.0002396202611019737, 0.9900405880430047, 0.9900359133600866, 1.427605344624709e-06, 0.0011948243990749054, 0.000696679030585756]
[0.0005263205263157895, 1.579789473684211e-05, 2.5985844121650436e-05, 0.00026624417249177635, 0.9900410727021833, 0.9900363982467514, 1.4275358724473573e-06, 0.0011947953265925328, 0.0006966713068863172]
[0.0005789515789473685, 1.579789473684211e-05, 2.4776611212272687e-05, 0.000292868083881579, 0.9900414691749844, 0.9900367949056462, 1.4274790411111119e-06, 0.0011947715434806403, 0.0006966653638914604]
[0.0006315826315789475, 1.579789473684211e-05, 2.1217807169611136e-05, 0.00039936499408922704, 0.9900425248765305, 0.9900378511027106, 1.4273277143885842e-06, 0.0011947082130748848, 0.0006966638027109159]
[0.0006842136842105264, 1.579789473684211e-05, 1.7214520786703663e-05, 0.0006067051027960526, 0.9900435192109762, 0.9900388459038704, 1.427185184169418e-06, 0.0011946485609456105, 0.0006966359088710388]
[0.0007368447368421054, 1.579789473684211e-05, 1.6132652224606216e-05, 0.0006907919436033548, 0.9900437532459805, 0.9900390800487244, 1.4271516370459218e-06, 0.0011946345202805424, 0.0006966175640199496]
[0.0007894757894736843, 1.579789473684211e-05, 1.9991523475502507e-05, 0.0004498624249588816, 0.9900428512309186, 0.9900381776102807, 1.427280933989232e-06, 0.0011946886347451507, 0.0006966571064785918]
[0.0008421068421052633, 1.579789473684211e-05, 1.935676176398583e-05, 0.00047985287340666124, 0.990043012227235, 0.9900383386821645, 1.4272578564016544e-06, 0.0011946789762951613, 0.0006966564172246259]
[0.0008947378947368422, 1.579789473684211e-05, 1.699946217882834e-05, 0.0006221224455413559, 0.9900435684753918, 0.9900388951914093, 1.4271781224931683e-06, 0.0011946456053964992, 0.0006966030178415357]
[0.0009473689473684211, 1.579789473684211e-05, 1.652059451948029e-05, 0.0006587174739194557, 0.9900436720044147, 0.990038998769026, 1.4271632824014935e-06, 0.001194639394294987, 0.0006966070649256846]
[0.001, 1.579789473684211e-05, 1.607996926406711e-05, 0.0006953125023871799, 0.9900437647840739, 0.9900390915922335, 1.4271499831486992e-06, 0.001194633828061427, 0.0006966048529036407]
[1e-08, 2.106052631578948e-05, 5.412522016005652e-05, 6.136848937874141e-05, 0.9900264895121537, 0.9900218082117604, 1.4296262609279144e-06, 0.0011956697959419709, 0.0006969919746681839]
[5.264105263157895e-05, 2.106052631578948e-05, 5.402912006567661e-05, 6.158597707889165e-05, 0.990026556718623, 0.9900218754497747, 1.4296166273957966e-06, 0.0011956657674265818, 0.0006969797335461544]
[0.0001052721052631579, 2.106052631578948e-05, 5.421544418144288e-05, 6.116504312974765e-05, 0.9900264261219462, 0.9900217447917993, 1.4296353474281284e-06, 0.0011956735956891113, 0.0006970002126336993]
[0.00015790315789473685, 2.106052631578948e-05, 4.739580754091975e-05, 8.003102688009916e-05, 0.9900309127624236, 0.9900262335381863, 1.4289922219150345e-06, 0.001195404626858636, 0.0006968807172482173]
[0.0002105342105263158, 2.106052631578948e-05, 4.1085983600119624e-05, 0.00010650071333213047, 0.9900345252793252, 0.9900298477507072, 1.4284743953145725e-06, 0.0011951880167214582, 0.0006968003792240216]
[0.0002631652631578947, 2.106052631578948e-05, 3.674867742712739e-05, 0.00013312461554276317, 0.9900367086400325, 0.9900320321362258, 1.4281614272971517e-06, 0.00119505708118782, 0.0006967532239645895]
[0.0003157963157894737, 2.106052631578948e-05, 3.354702758935261e-05, 0.0001597485269325658, 0.990038163754197, 0.9900334879333822, 1.4279528478381299e-06, 0.00119496981042959, 0.0006967246508530962]
[0.0003684273684210527, 2.106052631578948e-05, 2.7780114072836587e-05, 0.00023296554790296054, 0.9900404488508645, 0.9900357741026133, 1.427625296750797e-06, 0.001194832748442558, 0.00069669448927632]
[0.0004210584210526316, 2.106052631578948e-05, 2.1800391333250426e-05, 0.00037829468413195534, 0.990042364515896, 0.990037690666807, 1.4273507008560532e-06, 0.0011947178331539433, 0.0006966493186138818]
[0.0004736894736842105, 2.106052631578948e-05, 2.5841631465657818e-05, 0.00026922585320723685, 0.9900411207941175, 0.9900364463612586, 1.4275289788373007e-06, 0.0011947924417392759, 0.0006966744615866681]
[0.0005263205263157895, 2.106052631578948e-05, 2.216705288179115e-05, 0.00036589299284282487, 0.99004225898903, 0.9900375850904095, 1.4273658273232167e-06, 0.0011947241636977202, 0.0006966684132243321]
[0.0005789515789473685, 2.106052631578948e-05, 2.1135526598984054e-05, 0.0004024815969366777, 0.990042547194365, 0.9900378734310205, 1.4273245152981289e-06, 0.00119470687421565, 0.0006966650542665729]
[0.0006315826315789475, 2.106052631578948e-05, 2.2379727293193376e-05, 0.00035896590974506584, 0.9900421987572465, 0.9900375248303548, 1.4273744610875744e-06, 0.0011947277769800008, 0.0006966590266124511]
[0.0006842136842105264, 2.106052631578948e-05, 2.150180240423572e-05, 0.00038887926192434215, 0.9900424474254316, 0.9900377736152581, 1.4273388164098035e-06, 0.0011947128593975222, 0.0006966559232792361]
[0.0007368447368421054, 2.106052631578948e-05, 2.1962302125355937e-05, 0.0003727398180509869, 0.990042318473364, 0.9900376446026639, 1.4273573007000075e-06, 0.0011947205952439288, 0.0006966543898608692]
[0.0007894757894736843, 2.106052631578948e-05, 2.1217650337503305e-05, 0.0003993637294407895, 0.9900425260008341, 0.9900378522275418, 1.4273275532282927e-06, 0.0011947081456273297, 0.000696652157358612]
[0.0008421068421052633, 2.106052631578948e-05, 2.0543948575600605e-05, 0.0004259876408305923, 0.9900427075474557, 0.9900380338593766, 1.4273015299120224e-06, 0.0011946972545009143, 0.0006966504569991292]
[0.0008947378947368422, 2.106052631578948e-05, 1.9930601437598862e-05, 0.00045261155222039474, 0.9900428676976293, 0.9900381940847204, 1.4272785736125134e-06, 0.0011946876468820265, 0.0006966491905591029]
[0.0009473689473684211, 2.106052631578948e-05, 1.9369104094012483e-05, 0.0004792354636101974, 0.990043010017017, 0.9900383364709091, 1.4272581732194523e-06, 0.0011946791088905222, 0.0006966482803835366]
[0.001, 2.106052631578948e-05, 1.885254020145e-05, 0.000505859375, 0.9900431373205991, 0.9900384638342441, 1.4272399252270103e-06, 0.0011946714716720285, 0.0006966476650482474]
[1e-08, 2.6323157894736848e-05, 5.3926607708408076e-05, 6.18202793903954e-05, 0.9900266283798485, 0.990021947144636, 1.4296063553085753e-06, 0.0011956614718675914, 0.0006969774033817819]
[5.264105263157895e-05, 2.6323157894736848e-05, 5.393538126959788e-05, 6.180016638149018e-05, 0.990026622249979, 0.9900219410118893, 1.4296072339783679e-06, 0.001195661839308409, 0.0006969775201061179]
[0.0001052721052631579, 2.6323157894736848e-05, 5.371858275011079e-05, 6.230007103280566e-05, 0.9900267734305481, 0.9900220922634186, 1.4295855634028807e-06, 0.0011956527771066652, 0.0006969747734928202]
[0.00015790315789473685, 2.6323157894736848e-05, 4.737303486872161e-05, 8.010809621710527e-05, 0.9900309267471691, 0.9900262475294959, 1.4289902173090025e-06, 0.0011954037883949518, 0.0006968812674857515]
[0.0002105342105263158, 2.6323157894736848e-05, 4.1026788791469394e-05, 0.00010680910387541118, 0.9900345567517346, 0.9900298792378889, 1.428469883986e-06, 0.00119518612943173, 0.0006968047822824997]
[0.0002631652631578947, 2.6323157894736848e-05, 2.7582961099605484e-05, 0.0002363090424547697, 0.9900405191412537, 0.9900358444259949, 1.4276152211624312e-06, 0.0011948285321176555, 0.0006966964094488782]
[0.0003157963157894737, 2.6323157894736848e-05, 2.8624555066641795e-05, 0.00021942292840254935, 0.9900401410728787, 0.9900354661801648, 1.4276694143653028e-06, 0.0011948512101367696, 0.0006967011466758439]
[0.0003684273684210527, 2.6323157894736848e-05, 2.6501335094245703e-05, 0.0002559922584292763, 0.9900408971282079, 0.9900362225903662, 1.4275610396306034e-06, 0.0011948058585521764, 0.0006966881053830339]
[0.0004210584210526316, 2.6323157894736848e-05, 2.7409075871953175e-05, 0.0002393125010279605, 0.9900405816261242, 0.9900359069401942, 1.4276062644353262e-06, 0.0011948247839894041, 0.0006966831318678219]
[0.0004736894736842105, 2.6323157894736848e-05, 2.7391402287980264e-05, 0.00023962026110197374, 0.9900405880086957, 0.9900359133257615, 1.4276053495426315e-06, 0.001194824401132916, 0.0006966798484406811]
[0.0005263205263157895, 2.6323157894736848e-05, 2.5985850197207062e-05, 0.00026624417249177635, 0.990041072687255, 0.9900363982318161, 1.4275358745872064e-06, 0.0011947953274880207, 0.0006966716103264442]
[0.0005789515789473685, 2.6323157894736848e-05, 2.4776608041080754e-05, 0.000292868083881579, 0.9900414691842884, 0.9900367949149546, 1.427479039777446e-06, 0.0011947715429225145, 0.0006966651977827002]
[0.0006315826315789475, 2.6323157894736848e-05, 2.3721858577414085e-05, 0.0003194919952713816, 0.9900417995515358, 0.9900371254372676, 1.4274316841654798e-06, 0.00119475172490584, 0.0006966601243592488]
[0.0006842136842105264, 2.6323157894736848e-05, 2.279127903583778e-05, 0.00034611590666118426, 0.9900420790547114, 0.9900374050716345, 1.4273916195282136e-06, 0.0011947349578581073, 0.0006966560477378948]
[0.0007368447368421054, 2.6323157894736848e-05, 2.196227381469609e-05, 0.0003727398180509869, 0.9900423185978617, 0.99003764472722, 1.4273572828542106e-06, 0.001194720587775322, 0.0006966527170644894]
[0.0007894757894736843, 2.6323157894736848e-05, 2.1217614081673576e-05, 0.0003993637294407894, 0.9900425261778683, 0.9900378524046591, 1.4273275278518097e-06, 0.0011947081350069605, 0.0006966499399747619]
[0.0008421068421052633, 2.6323157894736848e-05, 2.0543902735057388e-05, 0.00042598764083059216, 0.9900427077934565, 0.9900380341054928, 1.4273014946496893e-06, 0.0011946972397430611, 0.0006966475615516484]
[0.0008947378947368422, 2.6323157894736848e-05, 1.9930544000949187e-05, 0.00045261155222039485, 0.9900428680332877, 0.9900381944205363, 1.4272785254984577e-06, 0.0011946876267453588, 0.0006966454510965843]
[0.0009473689473684211, 2.6323157894736848e-05, 1.9369032599485743e-05, 0.0004792354636101974, 0.9900430104681622, 0.9900383369222661, 1.4272581085512467e-06, 0.0011946790818254277, 0.0006966434908277189]
[0.001, 2.6323157894736848e-05, 2.6660991350750343e-05, 0.0002529296875, 0.9900408431090554, 0.9900361685458585, 1.427568782861939e-06, 0.0011948090989199651, 0.0006966745043167359]
[1e-08, 3.158578947368422e-05, 5.417628196186432e-05, 6.125171161994186e-05, 0.9900264535424722, 0.9900217722251957, 1.4296314169059666e-06, 0.0011956719520445258, 0.0006969806029332265]
[5.264105263157895e-05, 3.158578947368422e-05, 5.384405818037013e-05, 6.200998870270022e-05, 0.9900266860023491, 0.9900220047941831, 1.429598095564889e-06, 0.0011956580178148304, 0.0006969761636466844]
[0.0001052721052631579, 3.158578947368422e-05, 5.3998029267503453e-05, 6.165717298005756e-05, 0.990026578527727, 0.9900218972691153, 1.4296135012279639e-06, 0.0011956644601341816, 0.0006969819278268816]
[0.00015790315789473685, 3.158578947368422e-05, 4.243341627832964e-05, 9.984599095394738e-05, 0.9900337972898801, 0.9900291194195632, 1.4285787470200034e-06, 0.001195231670857162, 0.0006968271186210324]
[0.0002105342105263158, 3.158578947368422e-05, 3.871163336896993e-05, 0.00011996749203330593, 0.9900357507277124, 0.9900310737742873, 1.4282987366838527e-06, 0.0011951145286891347, 0.0006967822911485695]
[0.0002631652631578947, 3.158578947368422e-05, 3.135641747277823e-05, 0.00018285359837582238, 0.9900390823069035, 0.990034406917233, 1.427821180350236e-06, 0.001194914716768622, 0.0006967207131686771]
[0.0003157963157894737, 3.158578947368422e-05, 3.164895704657493e-05, 0.0001794857966694079, 0.9900389635863942, 0.9900342881409994, 1.4278381980250084e-06, 0.0011949218376216112, 0.0006967122414404379]
[0.0003684273684210527, 3.158578947368422e-05, 3.105867473992955e-05, 0.00018637243832236844, 0.9900392028810018, 0.9900345275479255, 1.4278038969776955e-06, 0.0011949074846939805, 0.0006967047320369224]
[0.0004210584210526316, 3.158578947368422e-05, 2.905284688982723e-05, 0.00021299634971217105, 0.9900399820918951, 0.9900353071245598, 1.4276922030703845e-06, 0.001194860746309119, 0.0006966899385026962]
[0.0004736894736842105, 3.158578947368422e-05, 2.7391378307324715e-05, 0.0002396202611019737, 0.9900405880559066, 0.9900359133729946, 1.4276053427753117e-06, 0.0011948243983009854, 0.0006966787121504418]
[0.0005263205263157895, 3.158578947368422e-05, 2.5985815331928118e-05, 0.00026624417249177635, 0.9900410727697649, 0.9900363983143647, 1.4275358627600536e-06, 0.0011947953225385733, 0.0006966698689847012]
[0.0005789515789473685, 3.158578947368422e-05, 2.4776558850180882e-05, 0.000292868083881579, 0.9900414693196972, 0.9900367950504269, 1.4274790203676324e-06, 0.0011947715347997007, 0.0006966626211169826]
[0.0006315826315789475, 3.158578947368422e-05, 2.3721790431113868e-05, 0.0003194919952713816, 0.9900417997639158, 0.9900371256497473, 1.42743165372243e-06, 0.0011947517121655151, 0.000696656396167343]
[0.0006842136842105264, 3.158578947368422e-05, 3.223124647672451e-05, 0.00017305795333059218, 0.9900387232297169, 0.990034047671505, 1.4278726513118751e-06, 0.0011949362540788003, 0.0006967130675929257]
[0.0007368447368421054, 3.158578947368422e-05, 3.105887469702369e-05, 0.00018636990902549347, 0.9900392028085366, 0.9900345274754263, 1.4278039073650219e-06, 0.0011949074890404787, 0.0006967042827531997]
[0.0007894757894736843, 3.158578947368422e-05, 3.0005772747423967e-05, 0.00019968186472039474, 0.9900396184164797, 0.9900349432784448, 1.4277443331528796e-06, 0.0011948825604020169, 0.0006966963168252319]
[0.0008421068421052633, 3.158578947368422e-05, 1.5944221827515905e-05, 0.0007072381681743423, 0.9900437905118513, 0.9900391173320868, 1.4271462952690526e-06, 0.0011946322845415875, 0.0006966368963904562]
[0.0008947378947368422, 3.158578947368422e-05, 1.5468240492858763e-05, 0.0007514400287828948, 0.9900438863926091, 0.9900392132578485, 1.4271325514975623e-06, 0.0011946265322256835, 0.0006966403810213086]
[0.0009473689473684211, 3.158578947368422e-05, 1.5032499701606929e-05, 0.0007956418893914475, 0.9900439714433467, 0.9900392983485067, 1.4271203601264135e-06, 0.0011946214296279863, 0.0006966442297636052]
[0.001, 3.158578947368422e-05, 1.4804299368095522e-05, 0.0008203125017441775, 0.9900440189682944, 0.9900393458957614, 1.4271135477895243e-06, 0.0011946185783711571, 0.0006966058806224961]
[1e-08, 3.684842105263159e-05, 5.396777347043682e-05, 6.172595594300246e-05, 0.9900265995991593, 0.990021918350438, 1.4296104807997056e-06, 0.0011956631970583126, 0.0006969775552894734]
[5.264105263157895e-05, 3.684842105263159e-05, 5.399932715903083e-05, 6.165426060210208e-05, 0.9900265776288151, 0.9900218963697814, 1.4296136300800873e-06, 0.001195664514017242, 0.0006969824904892845]
[0.0001052721052631579, 3.684842105263159e-05, 5.3998054605887446e-05, 6.165717298005756e-05, 0.9900265785200045, 0.9900218972613892, 1.4296135023349235e-06, 0.0011956644605970873, 0.0006969825371456897]
[0.00015790315789473685, 3.684842105263159e-05, 4.048009449501062e-05, 0.00010971493832236841, 0.9900348448881023, 0.9900301675095002, 1.4284285818468404e-06, 0.001195168850768309, 0.0006968063612033844]
[0.0002105342105263158, 3.684842105263159e-05, 3.87116274985353e-05, 0.0001199674920333059, 0.9900357507331703, 0.9900310737797478, 1.4282987359015113e-06, 0.0011951145283618267, 0.0006967820942939025]
[0.0002631652631578947, 3.684842105263159e-05, 3.6695787127690006e-05, 0.00013351011153371712, 0.9900367337265151, 0.9900320572344834, 1.428157831342203e-06, 0.001195055576675078, 0.0006967597916166379]
[0.0003157963157894737, 3.684842105263159e-05, 3.354701891335442e-05, 0.0001597485269325658, 0.9900381637604417, 0.99003348793963, 1.4279528469429793e-06, 0.0011949698100550403, 0.0006967243151371949]
[0.0003684273684210527, 3.684842105263159e-05, 3.105864297402493e-05, 0.00018637243832236852, 0.9900392029152884, 0.9900345275822282, 1.4278038920629765e-06, 0.0011949074826374537, 0.0006967034044557247]
[0.0004210584210526316, 3.684842105263159e-05, 2.9052795592834366e-05, 0.00021299634971217105, 0.9900399821636606, 0.9900353071963589, 1.427692192783358e-06, 0.0011948607420044222, 0.000696687646744997]
[0.0004736894736842105, 3.684842105263159e-05, 2.7391298260664636e-05, 0.0002396202611019737, 0.9900405881899181, 0.990035913507069, 1.4276053235657816e-06, 0.0011948243902623439, 0.000696674919157262]
[0.0005263205263157895, 3.684842105263159e-05, 3.67490347163321e-05, 0.00013312208624588823, 0.9900367084714597, 0.990032031967574, 1.4281614514607628e-06, 0.0011950570912976346, 0.0006967535167817624]
[0.0005789515789473685, 3.684842105263159e-05, 3.503891130537925e-05, 0.00014643404194078944, 0.9900375022530268, 0.9900328261217209, 1.428047668959098e-06, 0.0011950094848824833, 0.0006967372500617781]
[0.0006315826315789475, 3.684842105263159e-05, 2.11438780972252e-05, 0.00040214050370065795, 0.9900425473385049, 0.990037873575228, 1.4273244946367814e-06, 0.0011947068655686136, 0.0006966276647752563]
[0.0006842136842105264, 3.684842105263159e-05, 2.0314444726683135e-05, 0.00043565168174342105, 0.9900427694008563, 0.9900380957418096, 1.42729266370127e-06, 0.0011946935438434704, 0.0006966258700324343]
[0.0007368447368421054, 3.684842105263159e-05, 1.933954608295152e-05, 0.00048067605895971, 0.9900430192334069, 0.9900383456916249, 1.4272568521206247e-06, 0.0011946785559809067, 0.0006966137952333594]
[0.0007894757894736843, 3.684842105263159e-05, 1.8263128860905207e-05, 0.0005390171929585871, 0.990043280385672, 0.990038606966468, 1.4272194179456988e-06, 0.001194662888829187, 0.0006966196831127845]
[0.0008421068421052633, 3.684842105263159e-05, 1.605494207134915e-05, 0.0006975256813956476, 0.9900437666466629, 0.9900390934556969, 1.4271497161608293e-06, 0.0011946337163167753, 0.000696645397178194]
[0.0008947378947368422, 3.684842105263159e-05, 1.5345660737123892e-05, 0.0007634656213443815, 0.9900439130619846, 0.9900392399397419, 1.4271287286470604e-06, 0.0011946249322055272, 0.0006966166907238059]
[0.0009473689473684211, 3.684842105263159e-05, 1.5187755243295829e-05, 0.0007794779018691917, 0.9900439384810965, 0.9900392653707849, 1.4271250850122446e-06, 0.0011946234071925112, 0.0006966612585381097]
[0.001, 3.684842105263159e-05, 1.6147061397951163e-05, 0.000689580451135309, 0.990043748539698, 0.9900390753402329, 1.4271523116554368e-06, 0.0011946348026302587, 0.0006966372419184113]
[1e-08, 4.2111052631578956e-05, 5.400218350778435e-05, 6.164762302346079e-05, 0.990026575609645, 0.9900218943496636, 1.429613919512647e-06, 0.0011956646350514207, 0.0006969813200337162]
[5.264105263157895e-05, 4.2111052631578956e-05, 5.3985282515590795e-05, 6.168595072434355e-05, 0.9900265873645493, 0.9900219061100853, 1.4296122345372408e-06, 0.0011956639304324776, 0.0006969781249278751]
[0.0001052721052631579, 4.2111052631578956e-05, 4.3601743118801864e-05, 9.456755647358141e-05, 0.9900331468924353, 0.9900284687168391, 1.4286719765070752e-06, 0.0011952706708135506, 0.0006968468674436624]
[0.00015790315789473685, 4.2111052631578956e-05, 4.4699780901638004e-05, 8.997704358552632e-05, 0.9900325196587767, 0.9900278411887737, 1.4287618856429978e-06, 0.0011953082805883166, 0.0006968502465190239]
[0.0002105342105263158, 4.2111052631578956e-05, 4.102678905195079e-05, 0.00010680910387541118, 0.9900345567515932, 0.9900298792377474, 1.4284698840062646e-06, 0.0011951861294402077, 0.000696804790524649]
[0.0002631652631578947, 4.2111052631578956e-05, 3.6748671853805894e-05, 0.00013312461554276317, 0.9900367086417232, 0.9900320321379175, 1.4281614270548033e-06, 0.0011950570810864238, 0.0006967530270810347]
[0.0003157963157894737, 4.2111052631578956e-05, 3.3546968373191165e-05, 0.0001597485269325658, 0.9900381637911703, 0.9900334879703728, 1.4279528425382794e-06, 0.001194969808212023, 0.0006967223594781471]
[0.0003684273684210527, 4.2111052631578956e-05, 3.1058552260090895e-05, 0.00018637243832236844, 0.990039202988732, 0.9900345276557063, 1.4278038815353927e-06, 0.0011949074782322657, 0.0006966996131832069]
[0.0004210584210526316, 4.2111052631578956e-05, 4.102726187355696e-05, 0.00010680656725431746, 0.9900345565005516, 0.990029878986588, 1.428469919991144e-06, 0.0011951861444942976, 0.0006968043419956255]
[0.0004736894736842105, 4.2111052631578956e-05, 2.449995838659967e-05, 0.0002995253263774672, 0.9900415564285804, 0.9900368822001967, 1.427466533977096e-06, 0.0011947663093580668, 0.0006966758778307819]
[0.0005263205263157895, 4.2111052631578956e-05, 2.570662887119392e-05, 0.0002720514012176416, 0.9900411663087592, 0.9900364918972636, 1.4275224546623946e-06, 0.0011947897114816459, 0.0006966504299309967]
[0.0005789515789473685, 4.2111052631578956e-05, 2.1628056969967918e-05, 0.0003843557421888476, 0.9900424117263484, 0.9900377378994187, 1.427343933599667e-06, 0.0011947150009938216, 0.0006966625030131457]
[0.0006315826315789475, 4.2111052631578956e-05, 1.7929700088910208e-05, 0.000559244361742966, 0.9900433585704828, 0.9900386851879766, 1.4272082107525263e-06, 0.0011946581982946111, 0.0006966099525472821]
[0.0006842136842105264, 4.2111052631578956e-05, 1.7180459462931333e-05, 0.0006091140517408898, 0.9900435266853379, 0.9900388533817404, 1.427184112776981e-06, 0.0011946481125322975, 0.0006966366981321743]
[0.0007368447368421054, 4.2111052631578956e-05, 2.0971926903302308e-05, 0.00040876997959494646, 0.9900425936901391, 0.9900379199486185, 1.4273178504853971e-06, 0.0011947040849036204, 0.0006966393757425727]
[0.0007894757894736843, 4.2111052631578956e-05, 1.8172403086762053e-05, 0.0005444244849526733, 0.9900433009289695, 0.9900386275194079, 1.427216473221505e-06, 0.0011946616563787025, 0.0006966332187051999]
[0.0008421068421052633, 4.2111052631578956e-05, 1.7054745584026518e-05, 0.0006181286282547979, 0.9900435543074338, 0.9900388810168014, 1.4271801533613154e-06, 0.0011946464553838996, 0.0006966378280184274]
[0.0008947378947368422, 4.2111052631578956e-05, 1.6371933577277035e-05, 0.0006707751801409239, 0.9900437004072679, 0.9900390271852108, 1.4271592110702523e-06, 0.001194637690293694, 0.0006966457865370385]
[0.0009473689473684211, 4.2111052631578956e-05, 1.5743684398001147e-05, 0.0007253939667457315, 0.9900438285501304, 0.9900391553882201, 1.4271408427733917e-06, 0.0011946300024582473, 0.0006966573796473986]
[0.001, 4.2111052631578956e-05, 1.519700995010742e-05, 0.0007785308375401594, 0.9900439363522267, 0.9900392632409158, 1.4271253901694179e-06, 0.0011946235349135801, 0.0006966629849900101]
[1e-08, 4.7373684210526325e-05, 5.393450072216253e-05, 6.180333886372337e-05, 0.9900266229920838, 0.9900219417543424, 1.42960712760333e-06, 0.0011956617948246612, 0.0006969896263217319]
[5.264105263157895e-05, 4.7373684210526325e-05, 5.372030823291808e-05, 6.229606981205154e-05, 0.9900267722300835, 0.9900220910623905, 1.4295857354802824e-06, 0.0011956528490662673, 0.0006969748098002859]
[0.0001052721052631579, 4.7373684210526325e-05, 4.9576716283443915e-05, 7.314560829564146e-05, 0.9900295438691625, 0.9900248640024032, 1.4291884422686352e-06, 0.0011954866968179258, 0.0006969203755254192]
[0.00015790315789473685, 4.7373684210526325e-05, 4.7373072028182445e-05, 8.010809621710527e-05, 0.9900309267412861, 0.9900262475236101, 1.4289902181522689e-06, 0.0011954037887476636, 0.0006968822859467644]
[0.0002105342105263158, 4.7373684210526325e-05, 4.1026760522174374e-05, 0.00010680910387541118, 0.9900345567660583, 0.9900298792522194, 1.4284698819327907e-06, 0.0011951861285727805, 0.0006968038877476326]
[0.0002631652631578947, 4.7373684210526325e-05, 3.674860728276869e-05, 0.00013312461554276317, 0.9900367086541859, 0.9900320321503859, 1.428161425268366e-06, 0.0011950570803389961, 0.0006967507460075755]
[0.0003157963157894737, 4.7373684210526325e-05, 4.737380592739301e-05, 8.01055595960115e-05, 0.9900309262842084, 0.9900262470663179, 1.428990283670863e-06, 0.0011954038161520412, 0.0006968818538051671]
[0.0003684273684210527, 4.7373684210526325e-05, 3.1891573014174965e-05, 0.00017676425666446438, 0.9900388640097035, 0.9900341885175701, 1.4278524715801593e-06, 0.001194927810196147, 0.0006967106953189259]
[0.0004210584210526316, 4.7373684210526325e-05, 2.3441477955874946e-05, 0.00032717703674667835, 0.9900418853119483, 0.9900372112379336, 1.4274193910678812e-06, 0.0011947465802704276, 0.0006966512818631005]
[0.0004736894736842105, 4.7373684210526325e-05, 2.2309398519072207e-05, 0.00036121886213827685, 0.9900422201836734, 0.9900375462668387, 1.427371389773562e-06, 0.0011947264916178774, 0.0006966336972679066]
[0.0005263205263157895, 4.7373684210526325e-05, 2.3770490403004603e-05, 0.00031818415437526995, 0.9900417848266482, 0.9900371107054685, 1.4274337948652154e-06, 0.0011947526082269984, 0.000696656618053681]
[0.0005789515789473685, 4.7373684210526325e-05, 2.042665795952216e-05, 0.0004308742583022121, 0.9900427399805568, 0.990038066307701, 1.4272968808756332e-06, 0.0011946953088028901, 0.0006966203827914396]
[0.0006315826315789475, 4.7373684210526325e-05, 2.1234985340104177e-05, 0.0003987112971904741, 0.9900425213298367, 0.990037847554352, 1.4273282227799543e-06, 0.0011947084258428725, 0.0006966511857237521]
[0.0006842136842105264, 4.7373684210526325e-05, 2.0476613631892815e-05, 0.0004288000199169513, 0.9900427244948247, 0.9900380508147002, 1.4272991006366098e-06, 0.0011946962378096826, 0.0006966593561572367]
[0.0007368447368421054, 4.7373684210526325e-05, 1.9497027028743047e-05, 0.0004729479228102691, 0.990042979579946, 0.9900383060195517, 1.4272625361402247e-06, 0.0011946809348693168, 0.0006966222659714384]
[0.0007894757894736843, 4.7373684210526325e-05, 1.8289752439233618e-05, 0.0005374477998334755, 0.9900432741588983, 0.9900386007367715, 1.4272203105059741e-06, 0.001194663262390693, 0.0006966182710497194]
[0.0008421068421052633, 4.7373684210526325e-05, 1.71218420154724e-05, 0.0006132878572106536, 0.9900435400608285, 0.990038866763509, 1.4271821955029628e-06, 0.0011946473100890333, 0.0006966321742564877]
[0.0008947378947368422, 4.7373684210526325e-05, 1.6430850981789833e-05, 0.0006659679804556052, 0.9900436885668078, 0.990039015339193, 1.4271609083094325e-06, 0.0011946384006507713, 0.0006966408892235467]
[0.0009473689473684211, 4.7373684210526325e-05, 1.579304538696408e-05, 0.0007208632933964366, 0.9900438189872047, 0.9900391458208059, 1.4271422135454746e-06, 0.0011946305761805507, 0.0006966546063908645]
[0.001, 4.7373684210526325e-05, 1.541593727694369e-05, 0.000756508457082704, 0.9900438996858781, 0.9900392265573571, 1.4271306460093577e-06, 0.0011946257347007713, 0.000696606530985597]
[1e-08, 5.2636315789473695e-05, 5.366368384783895e-05, 6.242760106895228e-05, 0.9900268116107519, 0.9900221304615432, 1.4295800905634036e-06, 0.0011956504884636661, 0.0006969738626643449]
[5.264105263157895e-05, 5.2636315789473695e-05, 5.39955889348204e-05, 6.166302991365132e-05, 0.9900265802747152, 0.9900218990169235, 1.4296132508105862e-06, 0.0011956643554152588, 0.0006969848727852831]
[0.0001052721052631579, 5.2636315789473695e-05, 5.399797416583326e-05, 6.165717298005756e-05, 0.990026578541291, 0.9900218972826856, 1.4296134992836785e-06, 0.0011956644593211251, 0.0006969806027695095]
[0.00015790315789473685, 5.2636315789473695e-05, 4.7373049437464256e-05, 8.010809621710525e-05, 0.9900309267451742, 0.9900262475275, 1.4289902175949527e-06, 0.0011954037885145558, 0.0006968816667850123]
[0.0002105342105263158, 5.2636315789473695e-05, 4.142551075981425e-05, 0.00010476398152086313, 0.9900343440362418, 0.9900296664225531, 1.4285003751209787e-06, 0.001195198885173919, 0.0006968162518833423]
[0.0002631652631578947, 5.2636315789473695e-05, 3.266647401755249e-05, 0.00016847960706145002, 0.990038540443641, 0.9900338647996343, 1.4278988522944083e-06, 0.0011949472173675322, 0.0006967263487974084]
[0.0003157963157894737, 5.2636315789473695e-05, 3.125043988747221e-05, 0.0001840965290570289, 0.990039125072534, 0.9900344497029365, 1.4278150502249888e-06, 0.0011949121516768456, 0.0006967219483007944]
[0.0003684273684210527, 5.2636315789473695e-05, 2.537132475377153e-05, 0.00027930333938362787, 0.9900412758678745, 0.990036601507803, 1.427506750203204e-06, 0.0011947831394036343, 0.0006966795658820291]
[0.0004210584210526316, 5.2636315789473695e-05, 2.7159970770776816e-05, 0.00024371595828818013, 0.9900406698408744, 0.99003599519635, 1.427593619527226e-06, 0.0011948194924452924, 0.0006966637810348765]
[0.0004736894736842105, 5.2636315789473695e-05, 2.3765553921737438e-05, 0.00031832632572378954, 0.9900417848788993, 0.9900371107577441, 1.427433787375423e-06, 0.001194752605092545, 0.0006966769108617739]
[0.0005263205263157895, 5.2636315789473695e-05, 2.74129713191318e-05, 0.00023924697958551753, 0.9900405798956841, 0.9900359052089418, 1.4276065124806533e-06, 0.001194824887789275, 0.0006966899090033728]
[0.0005789515789473685, 5.2636315789473695e-05, 2.4737332433611418e-05, 0.00029378838341624614, 0.9900414822247686, 0.9900368079615557, 1.4274771705245813e-06, 0.0011947707606585378, 0.000696641906696422]
[0.0006315826315789475, 5.2636315789473695e-05, 2.2779425840677523e-05, 0.00034646931667522995, 0.9900420831341311, 0.990037409152969, 1.4273910347746885e-06, 0.0011947347131370581, 0.000696643076322507]
[0.0006842136842105264, 5.2636315789473695e-05, 2.0575045294671654e-05, 0.000424700704828821, 0.9900426993197322, 0.9900380256277912, 1.4273027092930934e-06, 0.0011946977480907434, 0.0006966502633092141]
[0.0007368447368421054, 5.2636315789473695e-05, 1.957478222723537e-05, 0.00046919790208853985, 0.9900429599630519, 0.9900382863934499, 1.4272653480715806e-06, 0.0011946821117232737, 0.0006966224605228779]
[0.0007894757894736843, 5.2636315789473695e-05, 1.833030044564331e-05, 0.0005350665185518082, 0.9900432647664731, 0.9900385913399378, 1.4272216568381116e-06, 0.0011946638258682279, 0.0006966110186506596]
[0.0008421068421052633, 5.2636315789473695e-05, 1.748942912667346e-05, 0.0005877662424628879, 0.9900434588558429, 0.9900387855204079, 1.4271938356150421e-06, 0.0011946521818567285, 0.0006966199653984518]
[0.0008947378947368422, 5.2636315789473695e-05, 1.6105954717908943e-05, 0.0006930942022567641, 0.9900437580953739, 0.990039084900394, 1.4271509419225456e-06, 0.001194634229344926, 0.0006966270067649666]
[0.0009473689473684211, 5.2636315789473695e-05, 1.552680566654829e-05, 0.0007457791144761774, 0.9900438749857629, 0.9900392018456482, 1.4271341865815074e-06, 0.001194627216574906, 0.0006966381014124477]
[0.001, 5.2636315789473695e-05, 1.4085992570327184e-05, 0.000906198317878078, 0.9900441446641968, 0.990039471650662, 1.4270955302456499e-06, 0.0011946110372190815, 0.0006966672108652983]
[1e-08, 5.7898947368421064e-05, 5.401877723062094e-05, 6.16096152702847e-05, 0.9900265639695921, 0.9900218827041471, 1.4296155880249869e-06, 0.0011956653327854692, 0.0006969801205256425]
[5.264105263157895e-05, 5.7898947368421064e-05, 5.3997018096121686e-05, 6.16594921875e-05, 0.9900265792367982, 0.9900218979785192, 1.4296133995880512e-06, 0.0011956644176306542, 0.0006969820162771528]
[0.0001052721052631579, 5.7898947368421064e-05, 5.393772517466125e-05, 6.179513133587164e-05, 0.9900266206875302, 0.9900219394487072, 1.42960745794341e-06, 0.0011956619329657567, 0.0006969810854443624]
[0.00015790315789473685, 5.7898947368421064e-05, 4.570360628889006e-05, 8.606820929082994e-05, 0.9900319324275755, 0.9900272536819419, 1.428846060733358e-06, 0.0011953434906893322, 0.0006968655000272951]
[0.0002105342105263158, 5.7898947368421064e-05, 4.0430082628553086e-05, 0.00010998748261625801, 0.9900348709048251, 0.9900301935384345, 1.428424852549107e-06, 0.0011951672906121164, 0.0006968113210537886]
[0.0002631652631578947, 5.7898947368421064e-05, 3.0370835320934512e-05, 0.0001949088676580146, 0.9900394760308727, 0.9900348008260057, 1.4277647430379545e-06, 0.0011948911009116916, 0.0006966948181825748]
[0.0003157963157894737, 5.7898947368421064e-05, 3.893367824529728e-05, 0.00011860117739694564, 0.9900356392310302, 0.9900309622252715, 1.4283147188783988e-06, 0.0011951212151402881, 0.0006967748332200445]
[0.0003684273684210527, 5.7898947368421064e-05, 2.6189561059858945e-05, 0.00026212207242171814, 0.9900410035183372, 0.9900363290304323, 1.4275457894212476e-06, 0.0011947994766575885, 0.0006966822337296474]
[0.0004210584210526316, 5.7898947368421064e-05, 3.33945742592385e-05, 0.00016121436083912664, 0.9900382292883306, 0.9900335534982758, 1.427943454022507e-06, 0.0011949658798570389, 0.0006967389692827687]
[0.0004736894736842105, 5.7898947368421064e-05, 3.119924970862112e-05, 0.0001846945190416651, 0.9900391463753625, 0.990034471015764, 1.4278119966278524e-06, 0.0011949108739265253, 0.0006966982251473235]
[0.0005263205263157895, 5.7898947368421064e-05, 2.751065324744196e-05, 0.00023754751341273253, 0.9900405456888615, 0.9900358709860635, 1.4276114157664031e-06, 0.0011948269396721866, 0.0006966811514888711]
[0.0005789515789473685, 5.7898947368421064e-05, 2.507910004479952e-05, 0.0002858367159222546, 0.9900413722319893, 0.9900366979171487, 1.4274929371461877e-06, 0.001194777358818867, 0.0006966467502814192]
[0.0006315826315789475, 5.7898947368421064e-05, 2.1101715943480736e-05, 0.00040375528286285174, 0.990042558545833, 0.9900378847878165, 1.4273228881522193e-06, 0.0011947061932342275, 0.0006966373417735081]
[0.0006842136842105264, 5.7898947368421064e-05, 1.984516207138365e-05, 0.0004565142422602308, 0.990042890007861, 0.990038216405424, 1.4272753756118481e-06, 0.0011946863084558424, 0.0006966444882247338]
[0.0007368447368421054, 5.7898947368421064e-05, 1.876470660264184e-05, 0.0005106119171001497, 0.9900431578365732, 0.9900384843598478, 1.4272369844194206e-06, 0.001194670240869597, 0.0006966545693312696]
[0.0007894757894736843, 5.7898947368421064e-05, 1.6221942267386976e-05, 0.0006832068738082442, 0.9900437346664872, 0.9900390614605105, 1.4271543002738382e-06, 0.0011946356349422356, 0.0006966166798556487]
[0.0008421068421052633, 5.7898947368421064e-05, 1.563044084914649e-05, 0.0007359210370263674, 0.9900438542707095, 0.9900391811208717, 1.4271371559255799e-06, 0.001194628459365329, 0.0006966374141747859]
[0.0008947378947368422, 5.7898947368421064e-05, 1.4995950573348857e-05, 0.000799481473529625, 0.9900439819803672, 0.990039308890473, 1.4271188497252952e-06, 0.0011946207974605561, 0.0006966087513346308]
[0.0009473689473684211, 5.7898947368421064e-05, 1.446410920657468e-05, 0.0008594150782521975, 0.9900440782682096, 0.9900394052235103, 1.427105047601345e-06, 0.0011946150206662166, 0.0006966511716625777]
[0.001, 5.7898947368421064e-05, 1.4069013147715706e-05, 0.0009084150939585288, 0.9900441430114044, 0.9900394699970939, 1.4270957671607616e-06, 0.001194611136379015, 0.0006966872224516089]
[1e-08, 6.316157894736843e-05, 5.401093167541213e-05, 6.162857715615121e-05, 0.9900265695540422, 0.9900218882912185, 1.4296147875368707e-06, 0.0011956649980395305, 0.0006969911741524162]
[5.264105263157895e-05, 6.316157894736843e-05, 5.416570150993372e-05, 6.127684996313197e-05, 0.9900264611164898, 0.9900217798027684, 1.4296303312286096e-06, 0.0011956714980414184, 0.0006969932105244212]
[0.0001052721052631579, 6.316157894736843e-05, 4.818690964862961e-05, 7.7426156342993e-05, 0.9900304233994068, 0.9900257439454756, 1.4290623683515162e-06, 0.001195433966537473, 0.0006969033050332616]
[0.00015790315789473685, 6.316157894736843e-05, 3.685717583123943e-05, 0.0001323439057979426, 0.9900366569329133, 0.9900319804048368, 1.428168839116248e-06, 0.0011950601822152088, 0.0006967637630316809]
[0.0002105342105263158, 6.316157894736843e-05, 3.984553954679821e-05, 0.00011323708214746257, 0.9900351745889086, 0.9900304973650592, 1.4283813217641023e-06, 0.0011951490793052147, 0.0006967977577870627]
[0.0002631652631578947, 6.316157894736843e-05, 4.394711615279897e-05, 9.308659677761437e-05, 0.990032951317957, 0.9900282730505634, 1.4287000106090557e-06, 0.001195282397849586, 0.0006968484302741575]
[0.0003157963157894737, 6.316157894736843e-05, 3.7686394721645145e-05, 0.0001265832146477998, 0.9900362572788203, 0.9900315805631568, 1.4282261264663082e-06, 0.0011950841503703027, 0.0006967688026726683]
[0.0003684273684210527, 6.316157894736843e-05, 2.925265884330656e-05, 0.00021009271890053455, 0.990039906929161, 0.9900352319265462, 1.4277029770720605e-06, 0.0011948652547764792, 0.0006966799198365424]
[0.0004210584210526316, 6.316157894736843e-05, 3.278188290245219e-05, 0.0001672967727901485, 0.9900384914056172, 0.9900338157385933, 1.4279058815191558e-06, 0.001194950158592046, 0.0006967326825968787]
[0.0004736894736842105, 6.316157894736843e-05, 2.8497931224064896e-05, 0.0002213687221433559, 0.9900401886117448, 0.9900355137413444, 1.4276626000333438e-06, 0.0011948483585934007, 0.0006966753219242462]
[0.0005263205263157895, 6.316157894736843e-05, 2.560316311793704e-05, 0.0002742640575834001, 0.9900412000991284, 0.9900365257034932, 1.427517611072031e-06, 0.0011947876845163877, 0.000696671938784554]
[0.0005789515789473685, 6.316157894736843e-05, 1.9847617956831666e-05, 0.0004563950698690972, 0.9900428899849931, 0.9900382163825453, 1.4272753788897807e-06, 0.0011946863098277224, 0.0006966356835645236]
[0.0006315826315789475, 6.316157894736843e-05, 1.8790454965181934e-05, 0.000509206132164112, 0.9900431526158588, 0.990038479136683, 1.4272377327687933e-06, 0.0011946705540728762, 0.0006966453215308466]
[0.0006842136842105264, 6.316157894736843e-05, 1.8044996640935137e-05, 0.0005521204586174089, 0.9900433317858947, 0.9900386583908165, 1.427212050117865e-06, 0.0011946598051821552, 0.0006966102459909886]
[0.0007368447368421054, 6.316157894736843e-05, 1.6886197438928326e-05, 0.0006305413930407245, 0.9900435898641297, 0.9900389165901865, 1.4271750565815733e-06, 0.001194644322207063, 0.0006966489014495901]
[0.0007894757894736843, 6.316157894736843e-05, 1.6197496952670215e-05, 0.0006852593242342196, 0.9900437402691632, 0.9900390670658161, 1.427153497173192e-06, 0.0011946352988143252, 0.000696605861749739]
[0.0008421068421052633, 6.316157894736843e-05, 1.5536199619676358e-05, 0.0007448976057232833, 0.9900438705965321, 0.9900391974543573, 1.4271348157440901e-06, 0.001194627479904966, 0.0006966556364495976]
[0.0008947378947368422, 6.316157894736843e-05, 1.500714434740668e-05, 0.000798356125078414, 0.9900439732008187, 0.9900393001068036, 1.4271201082062732e-06, 0.0011946213241886623, 0.0006966631330259562]
[0.0009473689473684211, 6.316157894736843e-05, 1.4600135544211328e-05, 0.0008434162988490576, 0.9900440576869585, 0.9900393846325989, 1.4271079977659024e-06, 0.001194616255441848, 0.0006966060657285492]
[0.001, 6.316157894736843e-05, 1.4164371231220694e-05, 0.0008961167820117704, 0.990044138343876, 0.9900394653273746, 1.4270964362151848e-06, 0.0011946114164091957, 0.0006966093650651049]
[1e-08, 6.842421052631579e-05, 5.4166636566545084e-05, 6.12743735557401e-05, 0.9900264604589111, 0.990021779144881, 1.429630425487487e-06, 0.0011956715374581294, 0.0006969894050769376]
[5.264105263157895e-05, 6.842421052631579e-05, 5.386841643865096e-05, 6.195449676331592e-05, 0.9900266691169267, 0.9900219879008352, 1.42960051596073e-06, 0.0011956590299749884, 0.0006969825735499483]
[0.0001052721052631579, 6.842421052631579e-05, 4.4378566930743136e-05, 9.128583926101777e-05, 0.9900327046829435, 0.9900280262997859, 1.4287353638472763e-06, 0.001195297186413185, 0.0006968571362097513]
[0.00015790315789473685, 6.842421052631579e-05, 4.883370207604825e-05, 7.53878843787978e-05, 0.9900300171927681, 0.9900253375481742, 1.4291205949587746e-06, 0.0011954583200424742, 0.000696905159249939]
[0.0002105342105263158, 6.842421052631579e-05, 3.826665688915955e-05, 0.00012277177769700473, 0.9900359722479237, 0.9900312953984742, 1.4282669834599712e-06, 0.0011951012440207613, 0.000696766786360052]
[0.0002631652631578947, 6.842421052631579e-05, 2.8081486117305753e-05, 0.0002279936017067622, 0.990040339735493, 0.990035664936026, 1.4276409376027188e-06, 0.0011948392936302016, 0.000696701584275887]
[0.0003157963157894737, 6.842421052631579e-05, 3.5570527393401635e-05, 0.00014209126108992952, 0.9900372594871338, 0.9900325832418801, 1.428082467588555e-06, 0.0011950240447742276, 0.0006967498551354533]
[0.0003684273684210527, 6.842421052631579e-05, 2.7909231259139097e-05, 0.0002308053888416059, 0.9900404032041991, 0.9900357284345226, 1.4276318398503178e-06, 0.0011948354865211853, 0.000696668574410967]
[0.0004210584210526316, 6.842421052631579e-05, 2.516323975176019e-05, 0.00028393646299686533, 0.99004134453347, 0.9900366702056285, 1.4274969075165575e-06, 0.001194779020370109, 0.0006966658561713053]
[0.0004736894736842105, 6.842421052631579e-05, 2.3071755642611088e-05, 0.00033775769644486505, 0.9900419950862877, 0.9900373210637983, 1.427403655757981e-06, 0.001194739995044102, 0.0006966692779760112]
[0.0005263205263157895, 6.842421052631579e-05, 2.1622135384760196e-05, 0.0003845516175903776, 0.9900424150258985, 0.9900377412005176, 1.4273434606344545e-06, 0.0011947148030532033, 0.0006966377022593782]
[0.0005789515789473685, 6.842421052631579e-05, 2.007778745342767e-05, 0.00044598944599823703, 0.9900428307422574, 0.9900381571120026, 1.4272838708817274e-06, 0.0011946898638900924, 0.0006966348869152078]
[0.0006315826315789475, 6.842421052631579e-05, 1.8705928929841256e-05, 0.0005137996481160696, 0.9900431746850527, 0.9900385012162355, 1.4272345693190638e-06, 0.0011946692300880038, 0.0006966211698278244]
[0.0006842136842105264, 6.842421052631579e-05, 1.777974339412906e-05, 0.0005687477299500524, 0.9900433909855415, 0.99003871761825, 1.427203564302383e-06, 0.0011946562536154, 0.0006966435058845575]
[0.0007368447368421054, 6.842421052631579e-05, 1.715578308848827e-05, 0.0006108406966049196, 0.9900435339062664, 0.9900388606060582, 1.4271830777122393e-06, 0.0011946476793231716, 0.000696608024244697]
[0.0007894757894736843, 6.842421052631579e-05, 1.6305106806638346e-05, 0.0006763003968985106, 0.9900437122803905, 0.9900390390639062, 1.4271575091491748e-06, 0.0011946369779766465, 0.0006966604072319838]
[0.0008421068421052633, 6.842421052631579e-05, 1.534625328091524e-05, 0.0007633933433679108, 0.9900439135656265, 0.9900392404436202, 1.4271286564538517e-06, 0.0011946249019896796, 0.000696605371001661]
[0.0008947378947368422, 6.842421052631579e-05, 1.5289587320200563e-05, 0.0007690852250250922, 0.9900439235266272, 0.9900392504092963, 1.4271272286207711e-06, 0.0011946243043822486, 0.0006966243911110138]
[0.0009473689473684211, 6.842421052631579e-05, 1.4829718498372105e-05, 0.0008175308572006858, 0.9900440124070501, 0.9900393393314374, 1.4271144882936044e-06, 0.001194618972013087, 0.0006966282810109938]
[0.001, 6.842421052631579e-05, 1.5656931828274844e-05, 0.0007333949970043529, 0.9900438514583484, 0.9900391783071906, 1.4271375590559764e-06, 0.0011946286280915825, 0.0006966040620134673]
[1e-08, 7.368684210526317e-05, 5.4179949811766304e-05, 6.124360348138173e-05, 0.9900264510178913, 0.9900217696994299, 1.429631778785283e-06, 0.0011956721033733635, 0.0006969826194652654]
[5.264105263157895e-05, 7.368684210526317e-05, 5.382408498020355e-05, 6.205619461567879e-05, 0.9900266999730147, 0.9900220187714062, 1.4295960929770936e-06, 0.0011956571803728247, 0.0006969776807809026]
[0.0001052721052631579, 7.368684210526317e-05, 5.396534163993892e-05, 6.173239102408942e-05, 0.9900266014405793, 0.9900219201927223, 1.4296102168462546e-06, 0.0011956630866787911, 0.0006969866797681608]
[0.00015790315789473685, 7.368684210526317e-05, 3.932794744825656e-05, 0.00011623844113654629, 0.9900354394621785, 0.9900307623626536, 1.428343354211645e-06, 0.0011951331951760209, 0.0006967980294747294]
[0.0002105342105263158, 7.368684210526317e-05, 3.9418446956327595e-05, 0.0001157022059611489, 0.9900353935917804, 0.9900307164707252, 1.4283499293815364e-06, 0.0011951359459833582, 0.0006967816342420323]
[0.0002631652631578947, 7.368684210526317e-05, 4.034712182719358e-05, 0.00011043989104180107, 0.9900349143191688, 0.9900302369731557, 1.4284186294357905e-06, 0.00119516468716064, 0.0006968081903439063]
[0.0003157963157894737, 7.368684210526317e-05, 3.299036876506429e-05, 0.0001651875201646272, 0.9900384029891317, 0.9900337272806075, 1.4279185553444616e-06, 0.0011949554616572375, 0.0006967290644733596]
[0.0003684273684210527, 7.368684210526317e-05, 2.859354877560235e-05, 0.00021988993271543288, 0.9900401533292682, 0.9900354784423071, 1.4276676575058476e-06, 0.0011948504749573678, 0.0006966739455221306]
[0.0004210584210526316, 7.368684210526317e-05, 2.565742546943023e-05, 0.0002731015135316591, 0.9900411824783245, 0.9900365080744186, 1.4275201368791762e-06, 0.0011947887415267925, 0.0006966635588203102]
[0.0004736894736842105, 7.368684210526317e-05, 2.3446454838088273e-05, 0.0003270468384670613, 0.9900418827628399, 0.9900372086876288, 1.4274197564630212e-06, 0.0011947467331878423, 0.0006966685437721529]
[0.0005263205263157895, 7.368684210526317e-05, 1.909346566711353e-05, 0.00049315889018045, 0.9900430797928419, 0.9900384062794849, 1.4272481713899282e-06, 0.001194674922893223, 0.0006966293582104505]
[0.0005789515789473685, 7.368684210526317e-05, 1.913895093206448e-05, 0.0004908192653866909, 0.9900430684386572, 0.9900383949199708, 1.4272497989252578e-06, 0.0011946756040554514, 0.0006966318010474769]
[0.0006315826315789475, 7.368684210526317e-05, 1.883379559661478e-05, 0.0005068521330482939, 0.9900431433606195, 0.9900384698770995, 1.4272390594363886e-06, 0.0011946711093168648, 0.0006966287829658096]
[0.0006842136842105264, 7.368684210526317e-05, 1.792292822193466e-05, 0.0005596906078223267, 0.9900433586532231, 0.9900386852707558, 1.4272081988923202e-06, 0.001194658193330762, 0.0006966372346374948]
[0.0007368447368421054, 7.368684210526317e-05, 1.663987995618298e-05, 0.0006493428212167835, 0.9900436437491531, 0.9900389705005022, 1.4271673325766155e-06, 0.0011946410894392572, 0.0006966433415390644]
[0.0007894757894736843, 7.368684210526317e-05, 1.682164856546143e-05, 0.0006353491854151737, 0.9900436072130795, 0.9900389339472795, 1.4271725697426444e-06, 0.001194643281378439, 0.0006966071426759767]
[0.0008421068421052633, 7.368684210526317e-05, 1.6006309343519972e-05, 0.0007017873473304332, 0.9900437743789223, 0.9900391011915856, 1.4271486078007294e-06, 0.0011946332524255005, 0.0006966604867229091]
[0.0008947378947368422, 7.368684210526317e-05, 1.721435621286578e-05, 0.0006067318453346723, 0.9900435173813715, 0.9900388440734069, 1.4271854464292206e-06, 0.0011946486707100211, 0.0006966520969840867]
[0.0009473689473684211, 7.368684210526317e-05, 1.7720277734686818e-05, 0.0005725411327663463, 0.9900434067909153, 0.9900387334310424, 1.4272012987232305e-06, 0.0011946553054011985, 0.0006966089656994457]
[0.001, 7.368684210526317e-05, 1.6956741866030387e-05, 0.0006252667460293546, 0.9900435777161657, 0.9900389044365207, 1.4271767978990798e-06, 0.0011946450510084909, 0.0006966086548627173]
[1e-08, 7.894947368421054e-05, 5.406782799391854e-05, 6.149823202054377e-05, 0.9900265296972108, 0.9900218484156794, 1.4296205007080682e-06, 0.0011956673871558379, 0.0006969846171700641]
[5.264105263157895e-05, 7.894947368421054e-05, 5.419068051427982e-05, 6.122041100759122e-05, 0.9900264435836056, 0.9900217622616547, 1.429632844433144e-06, 0.0011956725490004127, 0.0006969940232448542]
[0.0001052721052631579, 7.894947368421054e-05, 5.02159126045235e-05, 7.129490686443336e-05, 0.9900291308949336, 0.9900244508343351, 1.4292476389580405e-06, 0.001195511454967304, 0.000696926045429538]
[0.00015790315789473685, 7.894947368421054e-05, 4.9535181641746165e-05, 7.32677169784488e-05, 0.9900295704839084, 0.9900248906296413, 1.429184627248874e-06, 0.0011954851012241324, 0.0006969143965711494]
[0.0002105342105263158, 7.894947368421054e-05, 3.742988932150279e-05, 0.0001283239177668866, 0.9900363818823202, 0.9900317052251423, 1.4282082655099265e-06, 0.0011950766776696491, 0.0006967650397000422]
[0.0002631652631578947, 7.894947368421054e-05, 4.262014359703095e-05, 9.897309494828952e-05, 0.9900336945383927, 0.990029016619847, 1.4285934756579048e-06, 0.0011952378322567876, 0.0006968299823969148]
[0.0003157963157894737, 7.894947368421054e-05, 3.4216968793072815e-05, 0.00015355340522133445, 0.9900378702775741, 0.9900331943190092, 1.4279949154619027e-06, 0.0011949874122608585, 0.0006967277269779314]
[0.0003684273684210527, 7.894947368421054e-05, 2.933415038340659e-05, 0.0002089271542252, 0.990039876074781, 0.990035201057684, 1.4277073998108792e-06, 0.0011948671055020635, 0.0006966809583781663]
[0.0004210584210526316, 7.894947368421054e-05, 2.618394516954932e-05, 0.00026222539862982977, 0.9900410062587127, 0.9900363317720939, 1.4275453966094472e-06, 0.0011947993122735914, 0.0006966596125204969]
[0.0004736894736842105, 7.894947368421054e-05, 2.0229255936613752e-05, 0.0004393497161651444, 0.9900427896792401, 0.9900381160297115, 1.4272897569504374e-06, 0.0011946923273171372, 0.0006966565251797449]
[0.0005263205263157895, 7.894947368421054e-05, 2.0653595604661928e-05, 0.0004214633802916448, 0.9900426795642988, 0.9900380058630851, 1.4273055410830064e-06, 0.0011946989332392518, 0.0006966307273160869]
[0.0005789515789473685, 7.894947368421054e-05, 1.9218908161805745e-05, 0.0004867685165104338, 0.9900430453418109, 0.9900383718122835, 1.427253109681091e-06, 0.0011946769896842792, 0.0006966651822832828]
[0.0006315826315789475, 7.894947368421054e-05, 1.829406209541588e-05, 0.000537214067081263, 0.9900432715974931, 0.9900385981741641, 1.427220677663765e-06, 0.0011946634160564912, 0.0006966417939778786]
[0.0006842136842105264, 7.894947368421054e-05, 1.862227144739154e-05, 0.0005184582829769385, 0.9900431913378545, 0.9900385178768537, 1.4272321822676054e-06, 0.0011946682310447555, 0.0006966606829358536]
[0.0007368447368421054, 7.894947368421054e-05, 1.755043776908713e-05, 0.0005837064144306202, 0.9900434433565344, 0.9900387700138245, 1.427196057322082e-06, 0.001194653111711547, 0.0006966418911632961]
[0.0007894757894736843, 7.894947368421054e-05, 1.6806733856928365e-05, 0.0006365143372460393, 0.9900436076296482, 0.9900389343640437, 1.4271725100307144e-06, 0.0011946432563869074, 0.0006966447849460075]
[0.0008421068421052633, 7.894947368421054e-05, 1.8393692817106244e-05, 0.0005314011850726132, 0.9900432488768663, 0.9900385754428729, 1.42722393449141e-06, 0.0011946647791290282, 0.0006966314335099097]
[0.0008947378947368422, 7.894947368421054e-05, 1.886425631747872e-05, 0.0005052192953606444, 0.9900431357374778, 0.9900384622503797, 1.4272401521552993e-06, 0.00119467156664721, 0.0006966324219348823]
[0.0009473689473684211, 7.894947368421054e-05, 1.7950548426845837e-05, 0.0005579717116454996, 0.9900433520232403, 0.990038678637661, 1.4272091492495178e-06, 0.00119465859108346, 0.0006966398825514581]
[0.001, 7.894947368421054e-05, 1.7132250247762106e-05, 0.0006125617396443208, 0.9900435355293815, 0.9900388622299351, 1.4271828450511432e-06, 0.0011946475819467192, 0.0006966521663037145]
[1e-08, 8.42121052631579e-05, 5.420391240982736e-05, 6.119041127037038e-05, 0.9900264342986097, 0.9900217529723007, 1.4296341753661065e-06, 0.0011956731055627649, 0.000696993028275423]
[5.264105263157895e-05, 8.42121052631579e-05, 5.383300831321299e-05, 6.203507575363408e-05, 0.9900266935902848, 0.9900220123856804, 1.4295970078924882e-06, 0.0011956575629721447, 0.0006969720943927246]
[0.0001052721052631579, 8.42121052631579e-05, 5.151186189561356e-05, 6.775331458146477e-05, 0.9900282773301268, 0.9900235968688876, 1.4293699909287754e-06, 0.0011955626252642625, 0.0006969513307904995]
[0.00015790315789473685, 8.42121052631579e-05, 5.178124337758187e-05, 6.704907154892306e-05, 0.990028097054967, 0.9900234165091115, 1.4293958319907588e-06, 0.0011955734322871008, 0.0006969445228537452]
[0.0002105342105263158, 8.42121052631579e-05, 3.9215682787535885e-05, 0.00011690430234513809, 0.9900354965939948, 0.990030819521286, 1.4283351648038176e-06, 0.001195129769022518, 0.000696793313813627]
[0.0002631652631578947, 8.42121052631579e-05, 4.53299638646255e-05, 8.749241664327168e-05, 0.9900321525222695, 0.9900274738799425, 1.42881451184644e-06, 0.0011953302940386143, 0.0006968566456949057]
[0.0003157963157894737, 8.42121052631579e-05, 3.554468595633146e-05, 0.00014229534367676014, 0.9900372714159061, 0.9900325951762515, 1.4280807576904988e-06, 0.0011950233293498912, 0.0006967377416824213]
[0.0003684273684210527, 8.42121052631579e-05, 2.7453506782165697e-05, 0.00023854281580155587, 0.9900405651942987, 0.9900358905006561, 1.42760861981152e-06, 0.0011948257696465707, 0.0006966951798475446]
[0.0004210584210526316, 8.42121052631579e-05, 2.1706213817236003e-05, 0.0003815737992935667, 0.9900423916869117, 0.990037717850576, 1.4273468060992757e-06, 0.001194716203162607, 0.000696630609092096]
[0.0004736894736842105, 8.42121052631579e-05, 2.2112646754682265e-05, 0.00036768818681486574, 0.99004227570571, 0.9900376018149358, 1.4273634311153052e-06, 0.0011947231608683683, 0.0006966548023018286]
[0.0005263205263157895, 8.42121052631579e-05, 2.057367459554625e-05, 0.00042473784520164447, 0.9900427010496559, 0.9900380273585269, 1.4273024613218054e-06, 0.0011946976443108128, 0.0006966205406306116]
[0.0005789515789473685, 8.42121052631579e-05, 1.9459674428628136e-05, 0.00047479340076504045, 0.9900429860055228, 0.9900383124481444, 1.4272616150830644e-06, 0.0011946805493867657, 0.000696660448673335]
[0.0006315826315789475, 8.42121052631579e-05, 1.9609275468984054e-05, 0.00046754661726263597, 0.990042951303576, 0.9900382777299095, 1.4272665893410573e-06, 0.0011946826312209688, 0.0006966197827510327]
[0.0006842136842105264, 8.42121052631579e-05, 1.858613415948944e-05, 0.0005204488535922889, 0.9900432032848993, 0.9900385298295061, 1.4272304697503346e-06, 0.0011946675143111303, 0.0006966262310905088]
[0.0007368447368421054, 8.42121052631579e-05, 1.7708640929354952e-05, 0.000573312264133018, 0.9900434084839641, 0.9900387351248859, 1.4272010560376558e-06, 0.0011946552038298146, 0.0006966297529365645]
[0.0007894757894736843, 8.42121052631579e-05, 2.0050637038489586e-05, 0.00044719392224469644, 0.9900428380494581, 0.9900381644226331, 1.4272828234505336e-06, 0.001194689425520513, 0.0006966286854804376]
[0.0008421068421052633, 8.42121052631579e-05, 2.0793922683688357e-05, 0.0004157890094194466, 0.9900426421748205, 0.9900379684560572, 1.4273109005780577e-06, 0.0011947011762688015, 0.0006966236229061031]
[0.0008947378947368422, 8.42121052631579e-05, 1.9371391992004802e-05, 0.0004791019858774558, 0.9900430111431876, 0.9900383375976083, 1.4272580117915331e-06, 0.0011946790413293158, 0.0006966208278793834]
[0.0009473689473684211, 8.42121052631579e-05, 1.8385547470877336e-05, 0.0005318711857692078, 0.9900432508893061, 0.9900385774562572, 1.427223646023598e-06, 0.0011946646583973254, 0.0006966302221891054]
[0.001, 8.42121052631579e-05, 1.753657784311994e-05, 0.0005846258561729634, 0.9900434468969889, 0.9900387735559407, 1.4271955498250682e-06, 0.0011946528993080241, 0.0006966378465332669]
[1e-08, 8.947473684210527e-05, 5.41962523331565e-05, 6.120747815126755e-05, 0.9900264396751373, 0.9900217583513519, 1.4296334046821056e-06, 0.0011956727832823266, 0.0006969904499744407]
[5.264105263157895e-05, 8.947473684210527e-05, 5.3976959015791706e-05, 6.170596673713078e-05, 0.99002659332154, 0.9900219120698721, 1.4296113806482998e-06, 0.0011956635733551056, 0.0006969884010729211]
[0.0001052721052631579, 8.947473684210527e-05, 4.399068580454232e-05, 9.290105189492267e-05, 0.9900329265812428, 0.9900282483022385, 1.4287035564273817e-06, 0.0011952838811041424, 0.0006968403042875675]
[0.00015790315789473685, 8.947473684210527e-05, 3.810153716474432e-05, 0.0001238414159107798, 0.9900360536575993, 0.9900313768463613, 1.4282553140071588e-06, 0.0011950963618081844, 0.0006967818230177678]
[0.0002105342105263158, 8.947473684210527e-05, 5.2603933557467954e-05, 6.496919175236653e-05, 0.990027541060304, 0.9900228602534794, 1.4294755295628438e-06, 0.0011956067620931406, 0.0006969665277358364]
[0.0002631652631578947, 8.947473684210527e-05, 3.859719295342419e-05, 0.00012068106746658155, 0.9900358078207583, 0.9900311308941311, 1.4282905528334787e-06, 0.0011951111048071968, 0.0006967869766754887]
[0.0003157963157894737, 8.947473684210527e-05, 3.198621317900881e-05, 0.00017571889567418724, 0.9900388249628356, 0.9900341494523746, 1.4278580686492946e-06, 0.0011949301522052637, 0.000696708282506235]
[0.0003684273684210527, 8.947473684210527e-05, 2.3512231215610664e-05, 0.00032522229018164305, 0.990041862319718, 0.9900371882349115, 1.4274226868278053e-06, 0.0011947479595411767, 0.0006966744744334858]
[0.0004210584210526316, 8.947473684210527e-05, 2.423658995443283e-05, 0.0003060580489402851, 0.9900416406322206, 0.9900369664433598, 1.4274544640308774e-06, 0.0011947612581728942, 0.0006966479766850549]
[0.0004736894736842105, 8.947473684210527e-05, 2.2324100975060593e-05, 0.000360753726287039, 0.9900422152345679, 0.9900375413154102, 1.4273720991898823e-06, 0.0011947267885127053, 0.0006966526771030658]
[0.0005263205263157895, 8.947473684210527e-05, 2.2067854570440525e-05, 0.00036917976530081385, 0.9900422887812907, 0.990037614896654, 1.4273615568310513e-06, 0.00119472237646704, 0.0006966500023528507]
[0.0005789515789473685, 8.947473684210527e-05, 2.139134920508114e-05, 0.0003928869593808797, 0.9900424793935051, 0.9900378055983365, 1.4273342340315674e-06, 0.0011947109416221011, 0.000696624525428426]
[0.0006315826315789475, 8.947473684210527e-05, 2.00800594177638e-05, 0.00044588023388337985, 0.9900428305994228, 0.990038156969101, 1.4272838913559832e-06, 0.0011946898724589504, 0.0006966228299694184]
[0.0006842136842105264, 8.947473684210527e-05, 1.882703866048657e-05, 0.0005072058619715664, 0.9900431455053098, 0.9900384720227965, 1.4272387520114818e-06, 0.0011946709806517784, 0.0006966157607741951]
[0.0007368447368421054, 8.947473684210527e-05, 2.1758618961793787e-05, 0.00037975184150186673, 0.9900423758886293, 0.9900377020448784, 1.4273490706619251e-06, 0.00119471715090306, 0.0006966546139180732]
[0.0007894757894736843, 8.947473684210527e-05, 2.0361604762186276e-05, 0.0004336588228328286, 0.9900427546494427, 0.990038080983472, 1.4272947782033226e-06, 0.0011946944287989805, 0.0006966603422960555]
[0.0008421068421052633, 8.947473684210527e-05, 2.1498602423285264e-05, 0.00038897533917130314, 0.9900424496830543, 0.9900377758739405, 1.4273384927968883e-06, 0.001194712723962078, 0.000696623046624901]
[0.0008947378947368422, 8.947473684210527e-05, 2.017296591305733e-05, 0.0004417819232822375, 0.9900428064647793, 0.9900381328231294, 1.4272873508720845e-06, 0.0011946913203301028, 0.0006966222517718529]
[0.0009473689473684211, 8.947473684210527e-05, 1.885408481203732e-05, 0.0005057533554277553, 0.9900431388707832, 0.9900384653851558, 1.427239703019999e-06, 0.0011946713786728127, 0.0006966179917295955]
[0.001, 8.947473684210527e-05, 1.7941497011476723e-05, 0.0005585240384193879, 0.9900433551171121, 0.9900386817329849, 1.4272087057667412e-06, 0.0011946584054727699, 0.0006966272847824956]
[1e-08, 9.473736842105264e-05, 5.37094126149183e-05, 6.232174761181767e-05, 0.9900267798886336, 0.9900220987245354, 1.4295846376858423e-06, 0.0011956523899887635, 0.0006969788020761928]
[5.264105263157895e-05, 9.473736842105264e-05, 5.406782653299614e-05, 6.149812925836074e-05, 0.9900265296818198, 0.9900218484002811, 1.4296205029142512e-06, 0.0011956673880784117, 0.0006969834979287561]
[0.0001052721052631579, 9.473736842105264e-05, 5.2374782030805954e-05, 6.553884456568092e-05, 0.9900276968406991, 0.9900230161069937, 1.4294531996375767e-06, 0.0011955974237332467, 0.0006969619559651069]
[0.00015790315789473685, 9.473736842105264e-05, 3.7639044368815334e-05, 0.00012690346201756013, 0.9900362801954802, 0.9900316034905731, 1.4282228415388185e-06, 0.001195082776019644, 0.0006967762545284414]
[0.0002105342105263158, 9.473736842105264e-05, 5.4117250525623925e-05, 6.138583306240097e-05, 0.9900264950468696, 0.9900218137490742, 1.429625467568819e-06, 0.0011956694641784655, 0.0006969841031151372]
[0.0002631652631578947, 9.473736842105264e-05, 4.0119529440789075e-05, 0.00011169545385670637, 0.9900350329033712, 0.9900303556130184, 1.4284016312995621e-06, 0.0011951575759286146, 0.0006967996053536205]
[0.0003157963157894737, 9.473736842105264e-05, 2.6098795220595922e-05, 0.0002639384600110263, 0.9900410350371588, 0.9900363605640479, 1.4275412714398386e-06, 0.0011947975859700414, 0.0006966569797241444]
[0.0003684273684210527, 9.473736842105264e-05, 3.019251205216238e-05, 0.00019721924308325014, 0.9900395457761951, 0.9900348706040647, 1.4277547455807315e-06, 0.001194886917486643, 0.0006966972743861007]
[0.0004210584210526316, 9.473736842105264e-05, 2.4525165425417325e-05, 0.0002989122212705913, 0.9900415480078638, 0.9900368737755276, 1.42746774102225e-06, 0.0011947668144965569, 0.000696681018401544]
[0.0004736894736842105, 9.473736842105264e-05, 2.4281139424821132e-05, 0.00030493433428780136, 0.9900416267088984, 0.9900369525135024, 1.4274564598323583e-06, 0.001194762093402849, 0.0006966447340963636]
[0.0005263205263157895, 9.473736842105264e-05, 2.3133106815051104e-05, 0.00033595867774799404, 0.9900419780401023, 0.9900373040096119, 1.4274060991979546e-06, 0.0011947410176259769, 0.000696650648059205]
[0.0005789515789473685, 9.473736842105264e-05, 2.14962710292319e-05, 0.000389077834722726, 0.9900424491726064, 0.990037775363253, 1.427338565965679e-06, 0.0011947127545839959, 0.0006966532467879253]
[0.0006315826315789475, 9.473736842105264e-05, 2.014066207037759e-05, 0.00044322546017670436, 0.9900428124557344, 0.9900381388168965, 1.4272864921146038e-06, 0.0011946909609244576, 0.0006966590095645207]
[0.0006842136842105264, 9.473736842105264e-05, 2.4254086604944203e-05, 0.00030561519734574036, 0.9900416351881937, 0.9900369609967776, 1.4274552443903936e-06, 0.001194761584748352, 0.0006966450517536473]
[0.0007368447368421054, 9.473736842105264e-05, 2.2392827703024292e-05, 0.0003585406555768243, 0.9900421955920342, 0.9900375216636569, 1.4273749147964883e-06, 0.0011947279668596063, 0.0006966494007141561]
[0.0007894757894736843, 9.473736842105264e-05, 2.3826363720298392e-05, 0.00031668942168977245, 0.9900417679497073, 0.990037093820606, 1.4274362140453014e-06, 0.0011947536206454038, 0.0006966484352361543]
[0.0008421068421052633, 9.473736842105264e-05, 2.205702614173269e-05, 0.00036954364063520906, 0.9900422917264213, 0.9900376178431669, 1.4273611346691674e-06, 0.0011947221997892093, 0.0006966522219319134]
[0.0008947378947368422, 9.473736842105264e-05, 2.0604777552197102e-05, 0.00042348180410449064, 0.9900426905560312, 0.9900380168599768, 1.4273039655024489e-06, 0.0011946982738342132, 0.0006966594564061288]
[0.0009473689473684211, 9.473736842105264e-05, 1.9604480036275738e-05, 0.0004677763387252503, 0.9900429524879154, 0.9900382789148048, 1.4272664195750974e-06, 0.0011946825601703145, 0.0006966210884153815]
[0.001, 9.473736842105264e-05, 1.85841426596137e-05, 0.0005205640344119292, 0.9900432035018769, 0.9900385300465856, 1.4272304386482465e-06, 0.0011946675012940824, 0.000696630745651964]
[1e-08, 0.0001, 5.385378216248465e-05, 6.198774899238464e-05, 0.9900266792567823, 0.9900219980454501, 1.4295990624901774e-06, 0.0011956584221633607, 0.0006969779066149015]
[5.264105263157895e-05, 0.0001, 5.4079806986252936e-05, 6.147060499313273e-05, 0.9900265212314884, 0.9900218399459834, 1.4296217142044693e-06, 0.0011956678946114048, 0.0006969807396282825]
[0.0001052721052631579, 0.0001, 4.815111162958881e-05, 7.754146806582078e-05, 0.9900304457103589, 0.9900257662668998, 1.4290591702476046e-06, 0.001195432628903697, 0.0006969039956813322]
[0.00015790315789473685, 0.0001, 5.413149191205188e-05, 6.135394835877348e-05, 0.9900264851100768, 0.9900218038076174, 1.4296268919318708e-06, 0.0011956700598124345, 0.000696988677391972]
[0.0002105342105263158, 0.0001, 4.313563624536932e-05, 9.662069381439708e-05, 0.9900334085785241, 0.9900287305257565, 1.4286344658126182e-06, 0.0011952549794134381, 0.0006968299622585945]
[0.0002631652631578947, 0.0001, 2.9721432894054847e-05, 0.0002035203820057833, 0.9900397282012773, 0.9900350531147724, 1.4277285963438675e-06, 0.0011948759752977995, 0.0006966925234103433]
[0.0003157963157894737, 0.0001, 2.6045866853393824e-05, 0.0002650227114928795, 0.9900410519486653, 0.9900363774834922, 1.4275388473050347e-06, 0.0011947965715154336, 0.000696682160446192]
[0.0003684273684210527, 0.0001, 2.7527384557844474e-05, 0.00023726012877929117, 0.9900405395938914, 0.9900358648882326, 1.427612289433636e-06, 0.001194827305276221, 0.0006966848240514764]
[0.0004210584210526316, 0.0001, 2.4826446194325227e-05, 0.0002917000755997162, 0.9900414521997817, 0.9900367779224758, 1.4274814743762554e-06, 0.001194772561777452, 0.0006966803636907236]
[0.0004736894736842105, 0.0001, 2.468028437259821e-05, 0.0002951657336629757, 0.9900414988723463, 0.9900368246169472, 1.4274747842219636e-06, 0.0011947697620135703, 0.0006966801948385222]
[0.0005263205263157895, 0.0001, 2.3517043341932367e-05, 0.00032507436527563657, 0.9900418625942146, 0.9900371885095369, 1.4274226474808271e-06, 0.0011947479430745329, 0.0006966448850450465]
[0.0005789515789473685, 0.0001, 2.1801672393931478e-05, 0.0003782497205579899, 0.9900423642077582, 0.9900376903585245, 1.427350745025256e-06, 0.0011947178516391458, 0.0006966484557104926]
[0.0006315826315789475, 0.0001, 2.0416247306611336e-05, 0.0004313338874424161, 0.9900427412622427, 0.9900380675899884, 1.4272966971558003e-06, 0.0011946952319130601, 0.0006966505473013066]
[0.0006842136842105264, 0.0001, 2.542569829993228e-05, 0.00027809807013626616, 0.9900412591255859, 0.9900365847576561, 1.4275091500819056e-06, 0.0011947841437188165, 0.0006966520912106608]
[0.0007368447368421054, 0.0001, 2.3086670766754168e-05, 0.00033730736492715025, 0.9900419921651303, 0.9900373181412698, 1.4274040744834786e-06, 0.0011947401702811697, 0.0006966423432003146]
[0.0007894757894736843, 0.0001, 2.4888890537938167e-05, 0.00029022281507895266, 0.9900414336427771, 0.990036759356761, 1.42748413438059e-06, 0.001194773674961325, 0.0006966464172461669]
[0.0008421068421052633, 0.0001, 2.2890955086651527e-05, 0.0003431026820153606, 0.9900420501489455, 0.990037376152301, 1.4273957629481333e-06, 0.0011947366918899467, 0.0006966462383900091]
[0.0008947378947368422, 0.0001, 2.130879195513585e-05, 0.00039595327840246275, 0.9900425011415254, 0.9900378273565648, 1.4273311166196098e-06, 0.0011947096369493342, 0.0006966503487781731]
[0.0009473689473684211, 0.0001, 1.9989559168608542e-05, 0.0004499513787571774, 0.9900428516526854, 0.9900381780322454, 1.4272808735322063e-06, 0.001194688609442731, 0.0006966578683575138]
[0.001, 0.0001, 2.115887712309011e-05, 0.0004015852225092262, 0.9900425421176757, 0.9900378683519483, 1.4273252430026193e-06, 0.0011947071787691825, 0.0006966514323890153]
